reaction_delete	alpha_mean	alpha_mag	growth_rate
DM_4CRSOL	0.6771006143939852	535.8295056526221	0.0
DM_5DRIB	1.0942419603426683	875.9310113961646	0.0
DM_AACALD	0.29824334353693926	239.09460600210036	0.9823718127269829
DM_AMOB	0.6320491900602216	506.9981518718947	0.0
DM_MTHTHF	1.0279511677768152	819.98460788564	2.8316892329067424e-31
DM_OXAM	0.7699949498948945	608.8095806955782	0.9823718127264375
Ec_biomass_iJO1366_WT_53p95M	1.1297009046813433	913.5341568580533	0.9823718127264375
Ec_biomass_iJO1366_core_53p95M	1.3167463577434884	1050.700990978729	0.0
12DGR120tipp	0.2641400881382378	209.31389386899204	0.9823718127269772
12DGR140tipp	0.8441307750287959	674.567265350835	0.9823718127269772
12DGR141tipp	0.8109493582691286	639.3962092734478	0.9823718127269772
12DGR160tipp	0.13122360347572065	125.4559270630496	0.9823718127269772
12DGR161tipp	0.2057293376451734	169.55631879431945	0.9823718127269772
12DGR180tipp	1.4297410650810447	1136.0563965640904	0.9823718127269772
12DGR181tipp	1.0045918525336412	800.1662462852007	0.9823718127269772
12PPDRtex	1.4699430237351143	1155.3610445973707	0.9823718127269772
12PPDRtpp	0.8720378435200657	693.8237785509698	0.9823718127269772
12PPDStex	0.5492936313686602	442.0122282327527	0.9823718127269772
12PPDStpp	1.8171154104698772	1425.5488943189894	0.9823718127269772
14GLUCANabcpp	0.9953772572883056	792.275312291633	0.9823718127269772
14GLUCANtexi	1.0354448243556476	818.311729750312	0.9823718127269772
23CAMPtex	0.8218195806286029	650.0235879076286	0.9823718127269772
23CCMPtex	0.2616357620749425	205.98655491732103	0.9823718127269772
23CGMPtex	0.8843953650762605	706.663036537578	0.9823718127269772
23CUMPtex	1.2611779389509088	1019.811280354728	0.9823718127269772
23DAPPAt2pp	0.5500990380272048	435.9307580634496	0.9823718127269772
23DAPPAtex	0.6985548201808198	561.7669226188343	0.9823718127269772
23PDE2pp	0.360884007473979	302.2606712872562	0.9823718127269772
23PDE4pp	0.8628407031540106	663.2052361638873	0.9823718127269772
23PDE7pp	0.7226781280432552	583.4507598733611	0.9823718127269772
23PDE9pp	0.5296167177375968	426.86751609783454	0.9823718127269772
26DAHtex	0.7419844531236418	601.6011182837491	0.9823718127269772
2AGPA120tipp	0.259755827269955	211.018784354276	0.9823718127269772
2AGPA140tipp	-0.0837328029934375	58.11365212591885	0.9823718127269772
2AGPA141tipp	1.0303385879499194	844.6532618652114	0.9823718127269772
2AGPA160tipp	0.884815719782132	701.6243054772759	0.9823718127269772
2AGPA161tipp	0.5787258085309711	461.1405207924827	0.9823718127269772
2AGPA180tipp	1.5833992943671868	1244.4104428028047	0.9823718127269772
2AGPA181tipp	0.43388836312566315	356.83024957730674	0.9823718127269772
2AGPE120tipp	0.33962606831881254	283.33591194925975	0.9823718127269772
2AGPE140tipp	0.3746963398583238	304.80323602933976	0.9823718127269772
2AGPE141tipp	0.7791973724998107	619.6481313158286	0.9823718127269772
2AGPE160tipp	1.2990075288688547	1029.6078641103613	0.9823718127269772
2AGPE161tipp	0.09269832907268785	83.7699774021222	0.9823718127269772
2AGPE180tipp	0.6711541547596651	538.6623142435016	0.9823718127269772
2AGPE181tipp	0.6867560679402819	545.511944238024	0.9823718127269772
2AGPEAT120	0.6522975909257062	514.3518637235428	0.9823718127269772
2AGPEAT140	0.27621211901208903	221.49011176138663	0.9823718127269772
2AGPEAT141	-0.0186522676094483	12.503830550151278	0.9823718127269772
2AGPEAT160	0.22488078748045845	182.95596397845148	0.9823718127269772
2AGPEAT161	0.32582113480896036	286.9410032133372	0.9823718127269772
2AGPEAT180	0.5413139391683108	432.76387040704236	0.9823718127269772
2AGPEAT181	0.44252995668438216	348.3151932647044	0.9823718127269772
2AGPG120tipp	0.1251948400699806	131.73520272480778	0.9823718127269772
2AGPG140tipp	1.2092709213685924	964.1693223805996	0.9823718127269772
2AGPG141tipp	0.42879029272562963	339.6321888838477	0.9823718127269772
2AGPG160tipp	0.31072808332970897	250.4747814405704	0.9823718127269772
2AGPG161tipp	0.2708047945740292	219.3243305934952	0.9823718127269772
2AGPG180tipp	1.1744983700978746	927.2157763971024	0.9823718127269772
2AGPG181tipp	0.19440697933318693	154.49262014019808	0.9823718127269772
2AGPGAT120	1.1700576101181301	930.4977565169255	0.9823718127269772
2AGPGAT140	0.8371888775043707	663.5403703451009	0.9823718127269772
2AGPGAT141	0.4140571771278124	324.9428863656905	0.9823718127269772
2AGPGAT160	0.8408407053001846	674.8967257641701	0.9823718127269772
2AGPGAT161	0.9367973058873271	748.2052595329569	0.9823718127269772
2AGPGAT180	0.6372240521800411	511.9299324163575	0.9823718127269772
2AGPGAT181	0.843024591083663	668.2260510093486	0.9823718127269772
2DGULRGx	0.08150162509384697	71.95656498404796	0.9823718127269772
2DGULRGy	0.9674646622065699	763.7649682593147	0.9823718127269772
2DGULRx	0.6703836132056284	533.3361335882764	0.9823718127269772
2DGULRy	0.4422523462202444	371.47820067702355	0.9823718127269772
2MAHMP	0.7036598585512976	556.4063634924878	0.9823718127269772
34dhpactex	1.1755306099575875	938.1593915753484	0.9823718127269772
3AMACHYD	0.808210256730559	640.5818024578382	0.9823718127269772
3AMPtex	0.5297110475501863	423.1209603853836	0.9823718127269772
3CMPtex	0.46266985401347227	374.8019889837366	0.9823718127269772
3GMPtex	0.8440255792120355	666.6834193606212	0.9823718127269772
3HAD100	0.9253449016974155	736.6133998918965	0.9823718127269772
3HAD120	1.365432437222693	1076.6426795222865	0.9823718127269772
3HAD121	0.6438754748266721	514.9680978962904	0.9823718127269772
3HAD140	0.29856134920831334	245.54776172719937	0.9823718127269772
3HAD141	1.585561371948935	1248.1219070691916	0.9823718127269772
3HAD160	0.9529533912501568	748.3315529117235	0.9823718127269772
3HAD161	0.9022890691993803	719.0596025918514	0.9823718127269772
3HAD180	1.0444847903619594	827.2438562514492	0.9823718127269772
3HAD181	0.766367698102397	609.312642071773	0.9823718127269772
3HAD40	0.9527442666801648	754.4854622703883	0.9823718127269772
3HAD60	0.05581072136103535	75.88881282399647	0.9823718127269772
3HAD80	0.8016685739562363	635.9540790986473	0.9823718127269772
3HCINNMH	0.8742211286142331	693.6854038588531	0.9823718127269772
3HPPPNH	0.6433625701933419	491.67079126897283	0.9823718127269772
3HPPtex	0.5740858638720535	454.9900812727222	0.9823718127269772
3HPPtpp	1.3503294531672387	1057.8121134819776	0.9823718127269772
3KGK	1.1473143285637566	911.727839551442	0.9823718127269772
3NTD2pp	0.7265477562423653	576.6461306164528	0.9823718127269772
3NTD4pp	1.094376967869201	866.8590299006007	0.9823718127269772
3NTD7pp	0.36152151284669015	287.82301345948844	0.9823718127269772
3NTD9pp	0.29198602020187114	258.08961675337133	0.9823718127269772
3OAR100	0.47771525595237474	383.26781571278605	0.9823718127269772
3OAR120	1.4727598135611883	1158.1871071643664	0.9823718127269772
3OAR121	0.6878321830399305	553.3328889578693	0.9823718127269772
3OAR140	0.5142537036275024	408.022644876666	-2.8620797480909055e-14
3OAR141	1.0530440243563302	852.1159505893132	0.9823718127269712
3OAR160	0.1922655758147038	154.20948521698625	0.9823718127269712
3OAR161	0.612408581197197	490.12941409064064	0.9823718127269712
3OAR180	0.6176115078376203	498.6195736333266	0.9823718127269712
3OAR181	1.3339418037893898	1056.3614907535773	0.9823718127269712
3OAR40	0.8235942823015647	661.0411635685517	0.9823718127269712
3OAR60	1.0029903063940107	813.9241551073458	0.9823718127269712
3OAR80	0.8568635252588547	682.759531993827	0.9823718127269712
3OAS100	0.7836516561817798	622.9933768789917	0.9823718127269712
3OAS120	0.2839020865664589	224.58019659284258	0.9823718127269712
3OAS121	0.6435139100960453	519.1909711296928	0.9823718127269712
3OAS140	0.8663520501663671	690.7140839077864	-2.090027004750832e-30
3OAS141	0.6121331549358388	490.94808448755066	0.9823718127269785
3OAS160	0.6113769792753225	483.55990811149917	0.9823718127269785
3OAS161	0.8150147034198383	648.5224175508692	0.9823718127269785
3OAS180	0.657856827745231	523.2021453447576	0.9823718127269785
3OAS181	0.4289669623406479	341.4929223388311	0.9823718127269785
3OAS60	0.560838997072828	464.1841739325507	0.9823718127269785
3OAS80	1.7980914138787725	1417.0234684702327	0.9823718127269785
3OXCOAT	0.4997236600425959	399.8514463393251	0.9823718127269785
3PEPTabcpp	0.24926010702204593	199.15860458503525	0.9823718127269785
3PEPTtex	0.5155912553435159	409.5580901478595	0.9823718127269785
3UMPtex	-0.06786346381598195	41.30844324314877	0.9823718127269785
42A12BOOXpp	0.6795890963885003	540.907938549526	0.9823718127269785
4HOXPACDtex	0.3850695522420558	305.50583644957885	0.9823718127269785
4HTHRS	1.079514877861572	853.4903937818792	0.9823718127269785
4PCP	0.5261307559282747	426.22089771464573	0.9823718127269785
4PCPpp	0.40209520960779854	330.70406025954685	0.9823718127269785
4PEPTabcpp	0.6412996461976684	510.1629210015519	0.9823718127269785
4PEPTtex	1.3547332566390171	1074.8171688777895	0.9823718127269785
5DGLCNR	0.8456558386720865	677.3825766952586	0.9823718127269785
5DGLCNt2rpp	0.33279122544453593	278.23078592680986	0.9823718127269785
5DGLCNtex	1.1858210061676677	933.9233349904327	0.9823718127269785
5DOAN	1.3698788596902562	1073.5483568022532	9.994896230181376e-17
5MTRtex	0.40364053997063915	319.29339822522894	0.9823718127269779
5MTRtpp	1.0252706082350667	820.0435700239289	0.9823718127269779
A5PISO	1.636009200968339	1295.3132742020764	0.0
AACPS1	0.803146638847434	639.2370456585579	0.9823718127269714
AACPS2	0.3544072779521108	277.15550163614364	0.9823718127269714
AACPS3	0.7515004709281986	597.3650697936346	0.9817222111101096
AACPS4	1.5676816673706184	1236.5251485816786	0.9816062539943455
AACPS5	0.7593145455001176	602.6593031328372	0.9823718127269775
AACPS6	0.45089362665346544	383.0297524879413	0.9823718127269775
AACPS7	0.32750521031476104	284.7295273757444	0.9819756015133035
AACPS8	0.16502461452245404	152.11160438196237	0.9823718127269775
AACPS9	0.668032125560294	555.2249665266509	0.9823718127269775
AACTOOR	0.21806448633081654	188.4004251063771	0.9823718127269775
AADDGT	0.44066144890427394	353.6402659266251	0.9823718127269775
AAMYL	0.28522834775480527	231.43485681432148	0.9823718127269775
AAMYLpp	0.6075075288335239	501.6976494915767	0.9823718127269775
AB6PGH	0.8607247802569105	691.3608164611026	0.9823718127269775
ABTA	0.6634533637068077	529.3748399900413	0.9823718127269775
ABUTD	0.5186524639513095	421.62135759753716	0.9823718127269775
ABUTt2pp	0.9510441203944113	752.0679808985591	0.9823718127269775
ABUTtex	0.9695750478246495	760.6079129990463	0.9823718127269775
ACACCT	0.3824299950382618	317.0420068813311	0.9823718127269775
ACACT1r	0.7943596344721898	637.3987735736187	0.9720365831108315
ACACT2r	1.4855192950477103	1170.5347370821075	0.9720365831108315
ACACT3r	-0.035930397118926455	22.144817996597535	0.9720365831108315
ACACT4r	0.29875818790837805	239.18248470541442	0.9759564918307462
ACACT5r	0.8620044876023611	680.6477890422763	0.9776728488265783
ACACT6r	0.8990977915103476	713.338351348574	0.9787103646746789
ACACT7r	1.273460591777373	1019.8456098709117	0.9809576641130417
ACACT8r	0.7666158571233677	615.7184573596397	0.9823718127269775
ACACt2pp	0.7632637691375753	603.2646095053731	0.9823718127269775
ACACtex	0.842275305566222	682.167588603608	0.9823718127269775
ACALD	0.8550586552170681	680.0706629885669	0.9823718127269775
ACALDtex	0.2794542365807865	226.96749671537214	0.9823718127269775
ACALDtpp	1.043753816572149	823.6336309357151	0.9823718127269775
ACANTHAT	0.5056134261373258	419.2072489860402	0.9823718127269775
ACBIPGT	0.7344937463740477	595.6379518006983	0.9823718127269775
ACCOAC	0.43452480539972665	343.98101418270056	-3.905319001462743e-18
ACCOAL	1.1090800533487768	884.3196116890557	0.9823718127269758
ACGAL1PPpp	0.7020862551415578	559.1014841346484	0.9823718127269758
ACGAL1Ptex	0.7806572393712077	621.1414894948925	0.9823718127269758
ACGALtex	0.19231680856116087	207.4549904761594	0.9823718127269758
ACGAM1PPpp	0.20006031624157475	152.9763506395752	0.9823718127269758
ACGAM1Ptex	0.9975892603485026	786.3249081734341	0.9823718127269758
ACGAMK	0.19133210098725406	174.63959816189436	0.9823718127269758
ACGAMT	0.4439248616235707	358.18578542791295	0.9823718127269758
ACGAptspp	0.45757225673483565	375.40937719571195	0.9823718127269758
ACGAtex	0.9765947457923346	794.0369909142506	0.9823718127269758
ACGK	0.4071952578809893	322.78948031590767	-4.994731693934106e-17
ACGS	0.23604358003123646	185.51740578149892	-4.994731693934106e-17
ACHBS	1.1490723164543015	904.6314241867539	-7.848864090467882e-17
ACKr	0.5658422423906063	456.25314998164	0.9823718127269845
ACLS	1.212731804586156	952.4536315154073	0.0
ACM6PH	0.5181927931410311	411.3332184505617	0.9823718127269946
ACMAMUT	0.5440079523551106	433.8120158015544	0.9823718127269946
ACMANAptspp	0.3753191907316322	299.4242102406932	0.9823718127269946
ACMANAtex	0.8740144242621971	708.0053828890242	0.9823718127269946
ACMUMptspp	1.0278521715064775	811.8476153839994	0.9823718127269946
ACMUMtex	0.8681416965076382	689.5058426974026	0.9823718127269946
ACNAMt2pp	0.8770163615157845	721.3908292144873	0.9823718127269946
ACNAMtex	0.9810743351073019	790.4846441761218	0.9823718127269946
ACNML	1.3654198203724093	1115.5610536378508	0.9823718127269946
ACOAD1f	0.7243355332371628	572.5454929294242	0.9720365831108485
ACOAD2f	1.0744714273254943	877.8904087118764	0.9720365831108487
ACOAD3f	0.47668292776631715	382.00387520211103	0.9720365831108487
ACOAD4f	0.8444187445724479	671.400801516577	0.9759564918307646
ACOAD5f	0.6502003211238685	518.5189751435523	0.9776728488265967
ACOAD6f	0.4336291462193608	343.2772272162503	0.9803099307688088
ACOAD7f	0.3606416627269087	287.74205565230596	0.9817222111101334
ACOAD8f	1.2680691440098413	1005.7994864425614	0.9823718127269762
ACOATA	1.1299107360417755	891.3226583671319	0.9823718127269762
ACODA	1.1480977683536049	930.0469828837903	1.5861297336141709e-16
ACOLIPAabctex	0.8119137791213259	645.0777609050609	0.9823718127269758
ACONIs	0.16814711488140913	137.64629209141683	0.9823718127269758
ACONMT	0.8512856194281784	678.2287847304053	0.9823718127269758
ACONTa	0.29098631148066906	231.78342973002088	-1.7446370863263164e-15
ACONTb	0.018775360239987424	22.559751013789537	-1.7446370863263164e-15
ACOTA	1.4867791752949737	1168.2822844550055	3.3027856756401234e-16
ACPPAT120	0.7830819268710167	622.2934449941058	0.9823718127269766
ACPPAT140	0.44103983487475135	360.78991980802937	0.9823718127269766
ACPPAT141	0.45016852256630635	359.239153454285	0.9823718127269766
ACPPAT160	0.304237098931324	253.4691836823108	0.9823718127269766
ACPPAT161	0.4603988661333833	368.1099910725334	0.9823718127269766
ACPPAT180	1.2925672373029742	1024.1396567989357	0.9823718127269766
ACPPAT181	1.0233164499532301	810.9361853929622	0.9823718127269766
ACPS1	0.633503202757389	506.00948859828	0.9823718127269766
ACS	1.0200459864598361	819.2044791407907	0.9823718127269766
ACSERtex	0.5626760519904773	455.296926920321	0.9823718127269766
ACSERtpp	1.490716583673581	1171.528781979724	0.9823718127269766
ACt2rpp	1.0278138880668968	829.2483920356876	0.9823718127269766
ACt4pp	1.0280755014263159	812.118411754852	0.9823718127269766
ACtex	0.9718268756805544	779.9778177935874	0.9823718127269766
ADA	0.18123799418208963	144.8142093503125	0.9823718127269766
ADCL	0.5499859482834272	442.4424850313113	-2.7027307886295345e-14
ADCS	1.0213606079474111	816.3812154456322	-2.7027307886295345e-14
ADD	0.32455689009230426	258.11976325897206	0.9823718127303869
ADEt2rpp	0.6413563680662341	524.5812670771414	0.9823718127303869
ADEtex	1.008839474689599	802.8430811718376	0.9823718127303869
ADK1	0.3056202299643682	245.25951431226449	0.9823718127303869
ADK3	0.39846477768501165	328.25412334964085	0.9823718127303869
ADK4	1.6797219175949998	1372.7191563656124	0.9823718127303869
ADMDC	0.6329579789778227	503.0844436521003	0.9823718127303869
ADNCYC	0.5755349247208521	458.18138287992105	0.9823718127303869
ADNK1	0.2476432111109253	221.66593334489136	0.9823718127303869
ADNUC	1.8423364383111718	1443.861112070328	0.9823718127303869
ADNt2pp	1.0755593226186102	846.4410193579124	0.9823718127303869
ADNt2rpp	0.9181984627926877	723.500499349191	0.9823718127303869
ADNtex	0.6918366886843322	548.6016391107231	0.9823718127303869
ADOCBIK	0.6360261636406302	515.2520606446011	0.9823718127303869
ADOCBLS	1.014154629664905	803.1238377619786	0.9823718127303869
ADOCBLabcpp	0.7251473939778929	578.5366378977612	0.9823718127303869
ADOCBLtonex	0.29819008665506186	241.6035351541864	0.9823718127303869
ADPRDP	0.18742775002456327	155.5279858312504	0.9823718127303869
ADPT	0.39216252135927543	314.36542263718525	0.9823718127303869
ADSK	0.05650829626138645	42.227516684027115	-2.2912865379007693e-17
ADSL1r	1.2308632222286824	968.0434578910036	1.915096378889135e-15
ADSL2r	1.157791268720149	908.0907729501724	1.7159806890807504e-15
ADSS	1.1957820416602478	949.3199288722107	2.392014855111597e-15
AGDC	1.426780828543976	1126.2213820314053	0.9823718127303869
AGM3PA	1.836822324674645	1449.7146537345025	0.9823718127303869
AGM3PApp	0.5610254117191404	445.5497697644565	0.9823718127303869
AGM3PH	0.6280339969371442	500.2454513309554	0.9823718127303869
AGM3Pt2pp	0.7315424960843079	582.1449756639258	0.9823718127303869
AGM4PA	0.2895487953644432	232.90968543194376	0.9823718127303869
AGM4PApp	0.9507756342038202	752.0654264468003	0.9823718127303869
AGM4PCP	0.9298898506753136	735.3293314670042	0.9823718127303869
AGM4PCPpp	0.8640705434861868	684.4021537361302	0.9823718127303869
AGM4PH	0.5985455550132781	483.6904617252477	0.9823718127303869
AGM4Pt2pp	1.7130277413542285	1381.1001862001685	0.9823718127303869
AGMH	0.068097620874824	54.589013544084345	0.9823718127303869
AGMHE	0.35394450391338855	288.56022375524225	0.9823718127303869
AGMT	0.1291653893945551	113.86328122665061	0.9823718127303869
AGMt2pp	0.8897158568572456	706.0137100007406	0.9823718127303869
AGMtex	-0.07049974119702174	51.39757696237555	0.9823718127303869
AGPAT120	0.19578009822163808	154.07316930342424	0.9823718127303869
AGPAT140	1.2380890229087231	977.7243285304643	0.9823718127303869
AGPAT141	0.4770711027861174	377.90380245574363	0.9823718127303869
AGPAT160	1.192266098848418	945.8120231635286	0.0
AGPAT161	0.8703753096058814	687.9265412660527	0.0
AGPAT180	0.837821563263561	654.5344471257799	0.9823718127269768
AGPAT181	0.14835533441895063	122.32743330768466	0.9823718127269768
AGPR	0.36322921829593696	290.5207732240501	-6.275691465024019e-16
AGt3	0.41080577361517673	331.22365908513683	0.982371812726972
AHCYSNS	0.5893480953009781	471.57059879652047	-7.608575663820495e-16
AICART	0.43818898489586705	362.1498025817262	-4.9455741814833224e-14
AIRC2	0.8620945615454697	698.8813329495541	-6.434681132831048e-14
AIRC3	0.6060569044458923	480.8985614151542	-6.434681132831048e-14
AKGDH	0.14160475002509632	120.07480155153142	0.9777223396314587
AKGt2rpp	1.0371067782457835	820.7128156801969	0.9823718127279716
AKGtex	0.4480973477885455	350.8532347548824	0.9823718127279716
ALAALAD	0.06558826318331043	70.2544521354425	0.9823718127279716
ALAALAabcpp	0.6368628691170231	509.739282295465	0.9823718127279716
ALAALAr	1.010385094693373	799.10917361468	3.1213535986339554e-17
ALAALAtex	0.9660021651705573	772.9898882365814	0.9823718127269806
ALAGLUE	0.643181217388518	511.37797274685073	0.9823718127269806
ALAR	0.9353164424232167	754.0403207260244	-8.113360618196246e-31
ALATA_D2	0.14102805408434757	123.06925103247612	0.9823718127269787
ALATA_L	1.4281291970056447	1125.6195469966656	0.9823718127269778
ALATA_L2	0.43150272803984174	345.9253013017433	0.9823718127269778
ALATRS	1.0090075095381519	809.0552038546158	0.9823718127269778
ALAabcpp	0.5083134080136454	403.09629500535954	0.9823718127269778
ALAt2pp	1.5117132596338596	1222.8503963372548	0.9823718127269778
ALAt2rpp	1.1840361354304065	946.0547202519565	0.9823718127269778
ALAt4pp	0.9656569757456877	776.9212700846412	0.9823718127269778
ALAtex	0.35454992577020206	281.3744451016821	0.9823718127269778
ALCD19	1.583464123175079	1247.8961332823494	0.9823718127269778
ALCD2x	0.5096880793436412	405.1199242369194	0.9823718127269778
ALDD19xr	0.5160555223094881	406.7970864703731	0.9823718127269778
ALDD2x	0.4816315853785953	383.5037599482135	0.9823718127269778
ALDD2y	0.8695137733666896	694.4041177746061	0.9823718127269778
ALDD3y	1.5983235207977406	1290.3164861223777	0.9823718127269778
ALDD4	0.7387802758489579	585.733848378917	0.9823718127269778
ALLK	0.7021799303292494	567.2733757611027	0.9823718127269778
ALLPI	0.6673034349055844	538.828395405284	0.9823718127269778
ALLTAMH	0.5206768196821836	417.0916576996943	0.9823718127269778
ALLTN	0.6765499922023929	539.0978072574882	0.9823718127269778
ALLTNt2rpp	0.6799784163464198	540.2729363297929	0.9823718127269778
ALLTNtex	0.7004771592160792	569.1583293978285	0.9823718127269778
ALLULPE	0.8280302586958077	671.9107441252423	0.9823718127269778
ALLabcpp	1.1291460007964806	893.9995437148843	0.9823718127269778
ALLtex	0.2274751328480243	193.95304329252414	0.9823718127269778
ALPATE160pp	0.3423083549488789	284.9564472033497	0.9823718127269778
ALPATG160pp	1.0121234670420074	801.4361589140366	0.9823718127269778
ALR2	1.307121715943759	1019.8886150625584	0.9823718127269778
ALR4x	0.7528528999414741	610.8184671297248	0.9823718127269778
ALTRH	1.3172894058689901	1050.8534458042493	0.9823718127269778
AM3PA	0.3823026991906139	302.4579493212657	0.9823718127269778
AM4PA	0.9471921316782776	754.5146501725402	0.9823718127269778
AM4PCP	0.9666732684915359	765.9627153319796	0.9823718127269778
AMALT1	0.48804558095084677	394.7730490756575	0.9823718127269778
AMALT2	1.0865641546888285	856.7969824351412	0.9823718127269778
AMALT3	1.0981768734301252	865.4795967369299	0.9823718127269778
AMALT4	0.08230955061455798	68.08494528436508	0.9823718127269778
AMANAPEr	0.7929705941816246	631.2794645841963	0.9823718127269778
AMANK	1.311078187136605	1038.070383395144	0.9823718127269778
AMAOTr	1.3160828209632158	1038.584925466423	0.0
AMMQLT8	1.1138513213514367	882.2324728240037	0.9823718127269828
AMPMS2	-0.11698494319952035	65.14729677641353	-7.539433315091093e-18
AMPN	0.6024431737429748	477.41061917121567	0.982371812726983
AMPTASECG	0.9250974563788255	741.9865629911908	0.982371812726983
AMPTASEPG	0.5731708967102779	461.8596059573122	0.982371812726983
AMPtex	1.002764769508932	791.5525482678898	0.982371812726983
ANHGMtex	1.4501272879740932	1140.9964165976369	0.982371812726983
ANHMK	0.6778410053609366	543.5506388140188	0.982371812726983
ANPRT	1.4221381598657803	1141.2894565669742	-1.355606943470865e-18
ANS	0.2276272980100347	201.7850005999445	-1.355606943470865e-18
AOBUTDs	0.6459078673889113	518.9949385901006	0.9823718127269805
AOXSr2	0.4767531853167249	385.2163651399275	0.0
AP4AH	0.6681667506047235	529.2088650275005	0.9823718127269829
AP4AS	0.6705849160981497	532.0550585334887	0.9823718127269829
AP5AH	1.268421070067041	1006.9505861975559	0.9823718127269829
APCS	0.7288237671664481	576.2181138787255	0.9823718127269829
APG3PAT120	1.34129290150773	1064.2031702283637	0.9823718127269829
APG3PAT140	0.8159880889190463	645.6026275642212	0.9823718127269829
APG3PAT141	0.6225718756486345	493.74993834458303	0.9823718127269829
APG3PAT160	0.6929997993749759	542.4535747403734	0.9823718127269829
APG3PAT161	0.6582615746525998	522.8986865868478	0.9823718127269829
APG3PAT180	0.8925320002672883	708.9138536660917	0.9823718127269829
APG3PAT181	1.8352237619702478	1514.846054613187	0.9823718127269829
APH120	1.4606309847145553	1160.630398224516	0.9823718127269829
APH140	0.7817172416984784	623.2129267008855	0.9823718127269829
APH141	0.9078388998687156	722.8489975173966	0.9823718127269829
APH160	0.7456907643625091	591.2052839523109	0.9823718127269829
APH161	0.38258453450168384	314.0329065985547	0.9823718127269829
APH180	1.0069436501038072	797.7512893778822	0.9823718127269829
APH181	0.9504561445177517	763.247728543327	0.9823718127269829
APPLDHr	0.9134526489930576	732.2809441095749	0.9823718127269829
APRAUR	0.5785677161262271	463.20272945648577	-2.6418836472712505e-17
ARAI	0.31450870212143656	248.31437612497595	0.9823718127269796
ARBTNR1	0.9382003895919946	747.8693272495017	0.9823718127269796
ARBTNR2	0.6035029004940247	482.7058061668252	0.9823718127269796
ARBTNR3	0.5046328330711696	397.20183872366005	0.9823718127269796
ARBTNabcpp	0.3949448139836309	317.29246969203126	0.9823718127269796
ARBTNexs	0.8325031351692205	657.7858665996138	0.9823718127269796
ARBTNtex	0.7359270457410081	586.040202598967	0.9823718127269796
ARBTNtonex	0.28606333445125914	244.22727774502943	0.9823718127269796
ARBTNtpp	1.2212023841667876	966.2710360639046	0.9823718127269796
ARBTptspp	0.03896049268934419	38.15969736301232	0.9823718127269796
ARBTtex	1.306143141679365	1042.448746819064	0.9823718127269796
ARBabcpp	1.4801326693426162	1197.1901895028097	0.9823718127269796
ARBt2rpp	1.3481728813633709	1091.4610861981707	0.9823718127269796
ARBt3ipp	0.07101495660473323	55.16487894708974	0.9823718127269796
ARBtex	1.3631877720470134	1076.8476603488773	0.9823718127269796
ARGAGMt7pp	0.6701535361924499	529.161333881528	0.9823718127269796
ARGDC	0.887725472851602	712.9101156457973	0.9823718127269796
ARGDCpp	0.5746815224036561	466.7607619558713	0.9823718127269796
ARGORNt7pp	0.6475098974405052	516.7058209835659	0.9823718127269796
ARGSL	1.403970673803264	1109.923437526226	0.0
ARGSS	0.3730433163506615	297.419430916827	0.0
ARGTRS	1.184635348657239	941.3966968254189	0.9823718127269794
ARGabcpp	0.6783389174476717	539.4015545952548	0.9823718127269794
ARGt3pp	0.8227887956907669	650.4902732550177	0.9823718127269794
ARGtex	0.821080553261818	662.4324220498002	0.9823718127269794
ASAD	0.5802339024236822	458.27988028471765	-4.1483433420420115e-16
ASCBPL	0.9372291624798044	746.670886046596	0.982371812726979
ASCBptspp	0.9126677265032753	719.4286483303783	0.982371812726979
ASCBtex	0.8490868968183056	679.3770834580557	0.982371812726979
ASNN	0.8113328800111698	639.4808208866133	0.982371812726979
ASNNpp	0.6768797393328193	537.999863213087	0.982371812726979
ASNS1	0.32262673861191793	246.09478307906892	0.982371812726979
ASNS2	0.9012653581472572	716.6931212737101	0.9813906059383108
ASNTRS	0.9535065740955408	760.9344524957775	0.982371812726979
ASNabcpp	0.8791917342320481	705.8446487937312	0.982371812726979
ASNt2rpp	0.22454252767333555	205.63738934392003	0.982371812726979
ASNtex	0.6300052719369754	502.06215263731696	0.982371812726979
ASO3t8pp	0.3804632575695961	302.17652001006775	0.982371812726979
ASO3tex	0.5811969100613952	461.7687246082194	0.982371812726979
ASP1DC	0.9216238680007455	731.0771622679338	-6.199620131402794e-17
ASPCT	1.0402286645684058	824.4111930107789	-6.199620131402794e-17
ASPK	0.459465981939933	363.86761385452934	-1.841286766720553e-16
ASPO3	1.0844132469451426	858.1237155565568	0.9823718127269839
ASPO4	0.48689922127508806	382.15061172387715	0.9823718127269839
ASPO5	0.7672477837059871	606.6849094069705	0.9823718127269839
ASPO6	-0.12809417577571455	93.39214461438907	0.9823648514277576
ASPT	0.628048165865872	498.75040769489607	0.9823718127269839
ASPTA	0.8625861053796547	684.4437190189594	-8.643588927036813e-16
ASPTRS	0.8754132171909655	694.5818161737064	0.9823718127269838
ASPabcpp	0.722815779635236	584.7360860747164	0.9823718127269838
ASPt2_2pp	0.6466167368901258	514.900125761882	0.9823718127269838
ASPt2_3pp	0.7907814074427651	625.9405249969452	0.9823718127269838
ASPt2pp	0.9149807547758799	735.3096391032017	0.9823718127269838
ASPt2rpp	0.9427422210521872	751.251501421355	0.9823718127269838
ASPtex	0.8868531926413974	709.3036151954308	0.9823718127269838
ASR	1.1854518283018933	937.3103224160778	0.9823718127269838
AST	0.6310552684704749	511.80678981512546	0.9823718127269838
ATHRDHr	1.0758203045276056	848.8340463200443	0.9823718127269838
ATPHs	0.6565658120170665	529.0732753322678	0.9823718127269838
ATPM	0.3876305656085124	313.6808836457001	0.9954369223325994
ATPPRT	0.5039431464946112	406.46036767428114	0.0
ATPS4rpp	0.7263786905374763	594.8825551374537	0.4024773014907228
BALAt2pp	1.0054682809388722	791.6741695950549	0.9823718127269796
BALAtex	0.3917911342296815	321.991375081344	0.9823718127269796
BETALDHx	0.9209758177246757	743.9233680495128	0.9823718127269796
BETALDHy	0.8182558058731784	658.2056756057289	0.9823718127269796
BMOCOS	0.3885393753298668	313.22330111024866	0.0
BMOGDS1	1.184528613744483	922.391831464124	0.0
BMOGDS2	1.4651336332346627	1152.2573304406196	0.0
BPNT	0.2506546245121785	237.34738747489726	-1.7966893830385634e-15
BSORx	0.264011562080352	225.51270948832027	0.982371812726976
BSORy	0.6797726395329221	551.1053622378181	0.982371812726976
BTNt2ipp	1.12042690480714	903.9086236682946	0.982371812726976
BTNtex	0.22576933108861336	178.14111692755776	0.982371812726976
BTS5	0.7793841103953066	615.8436113052741	5.822715696803166e-16
BUTCT	0.8115289599819572	659.647615105742	0.9823718127269766
BUTSO3abcpp	0.33285740781124745	270.88712925529273	0.9823718127269766
BUTSO3tex	0.9806243193514819	776.059590713365	0.9823718127269766
BUTt2rpp	1.3507596968237774	1042.4506331930454	0.9823718127269766
BUTtex	1.079001518694072	849.1492299868561	0.9823718127269766
BWCOGDS1	1.1992116106116497	953.1599693412029	0.9823718127269766
BWCOGDS2	1.1151394971967856	889.6975329982539	0.9823718127269766
BWCOS	0.02910062131182842	24.886179263961704	0.9823718127269766
CA2t3pp	1.4856511280017093	1179.6931272388397	0.9823718127269766
CA2tex	1.370077765103298	1078.7631682900637	0.0
CADVtpp	0.7690638938722619	615.5202879893914	0.9823718127269809
CAT	1.0640440578008268	842.3362969105006	0.9823718127269809
CAt6pp	0.7858817629697259	620.0860876477865	0.0
CBIAT	0.03102504937278523	30.851870584470444	0.9823718127269826
CBItonex	-0.25792587507218134	119.97867446864954	0.9823718127269826
CBIuabcpp	0.8687378110801594	708.9361184450632	0.9823718127269826
CBL1abcpp	0.5325240881959945	423.9739466737472	0.9823718127269826
CBL1tonex	0.9251154426053769	737.7883280164102	0.9823718127269826
CBLAT	0.6059048063654328	487.1814506732497	0.9823718127269826
CBMD	1.3633023541222318	1082.1263230524999	0.9823718127269826
CBMKr	-0.10726448598768203	139.02514578328518	0.9772921102938731
CBPS	0.1690423472176071	138.85201685434873	0.9823718127269826
CCGS	1.4527624572084437	1149.408391238169	0.9823718127269826
CD2abcpp	0.8911014177231955	708.9109780425027	0.9823718127269826
CD2t3pp	0.9785350856531141	775.3547348705872	0.9823718127269826
CD2tex	0.7870119978983217	627.5468880032555	0.9823718127269826
CD2tpp	0.5007458463356066	396.624236647812	0.9823718127269826
CDAPPA120	0.7537187561954927	597.1444735901246	0.9823718127269826
CDAPPA140	-0.06573155003696185	34.04026531264288	0.9823718127269826
CDAPPA141	0.5033488685945543	402.03637750043254	0.9823718127269826
CDAPPA160	0.37765692421460445	306.9932511101651	0.9823718127269826
CDAPPA161	0.08343913245369734	69.77179913655536	0.9823718127269826
CDAPPA180	0.6040242091304113	483.07455734026354	0.9823718127269826
CDAPPA181	1.0830989364086654	860.2534998667139	0.9823718127269826
CDGR	1.0036331385955313	800.2762360421765	0.9823718127269826
CDGS	0.7492196805906716	608.142528444232	0.9823718127269826
CDPMEK	0.8800310132984864	697.4379783141603	1.4749506323055115e-16
CFAS160E	-0.22458775491939073	130.60304264093327	0.9823718127269826
CFAS160G	0.43313869012147815	345.9194868139863	0.9823718127269826
CFAS180E	0.10065495501041456	108.67064176868857	0.9823718127269826
CFAS180G	0.14325901725897783	112.44144188067382	0.9823718127269826
CGLYabcpp	0.33106580483805054	264.2250338990108	0.9823718127269826
CGLYtex	1.2125490243347947	955.7366575990354	0.9823718127269826
CHLabcpp	1.0755736296390739	849.4623478219365	0.9823718127269826
CHLt2pp	0.5486904885636764	471.74028421810067	0.9823718127269826
CHLtex	0.5084007609092475	397.2868808502329	0.9823718127269826
CHOLD	0.209007631469957	191.62905752910888	0.9823718127269826
CHORM	0.6475290490147737	518.0535004763518	0.0
CHORS	0.8911433043006889	710.623729661124	0.0
CHRPL	0.6092918542607194	496.72747025138665	0.0
CHTBSptspp	0.2270442474471657	180.36379017940607	0.9823718127269788
CHTBStex	0.28214097392032206	229.46606197816288	0.9823718127269788
CINNDO	0.021101987599103585	21.361680097503562	0.9823718127269788
CITL	1.0707331560941717	846.7819000692758	0.9823718127269788
CITt3pp	0.8577124126586614	711.3873844343572	0.9823718127269788
CITt7pp	0.827500671759809	655.58591465531	0.9823718127269788
CITtex	0.32589743963754025	270.66271567450383	0.9823718127269788
CLIPAabctex	0.9553290726718605	756.5517101989495	0.9823718127269788
CLPNH120pp	0.553802655027973	445.55087163046966	0.9823718127269788
CLPNH140pp	0.2640101644722391	220.4153218709799	0.9823718127269788
CLPNH141pp	0.774803626004607	613.2318900946252	0.9823718127269788
CLPNH160pp	0.058379543632609096	61.657998274988515	0.9823718127269788
CLPNH161pp	0.36715581516252854	293.3242840443018	0.9823718127269788
CLPNH180pp	0.22106440156778323	175.30473206863627	0.9823718127269788
CLPNH181pp	0.6814391053485963	543.9600755961636	0.9823718127269788
CLPNS120pp	0.7050912172107464	565.4197847995525	0.9823718127269788
CLPNS140pp	0.5533483782313616	436.7822301357843	0.9823718127269788
CLPNS141pp	0.9468578293240687	757.8107034963663	0.9823718127269788
CLPNS160pp	0.5516436919436776	444.6375677385111	0.9823718127269788
CLPNS161pp	0.41942489166075997	350.39365794197033	0.9823718127269788
CLPNS180pp	1.3516498406527477	1070.268786672768	0.9823718127269788
CLPNS181pp	1.0316419914012458	816.1894247636037	0.9823718127269788
CLt3_2pp	0.873118335212524	694.1875025758777	0.0
CLtex	0.37915908026547385	302.666563176808	0.0
CMPN	0.9935750623065287	784.8005821452753	0.9823718127269793
CMPtex	0.9970194681387038	800.8470152689166	0.9823718127269793
CMtex	0.6888758788142598	545.6005384569617	0.9823718127269793
CMtpp	1.007291868563409	799.3290106780962	0.9823718127269793
CO2tex	1.0116104789222	794.3500295029894	0.6980711078536349
CO2tpp	0.7877898443429243	625.0901444801108	0.9189718362567965
COBALT2abcpp	1.1148077269414418	885.8841872269288	0.9823718127269796
COBALT2t3pp	0.8593496718482698	677.7339719358506	0.9823718127269796
COBALT2tex	1.1361607988407738	911.4429339353934	-1.414954473785289e-16
COBALT2tpp	0.7691159930255919	613.710198910938	-1.414954473785289e-16
COLIPAKpp	1.2362088015256714	1004.056137376924	0.9823718127269798
COLIPAPabctex	1.6635763951614422	1364.5240833841633	0.9823718127269798
COLIPAabcpp	0.9282703557473041	740.5541188518476	0.9823718127269798
COLIPAabctex	0.7513418756702126	616.8037056948501	0.9823718127269798
CPGNR1	0.743215905051583	596.6676319766696	0.9823718127269798
CPGNR2	0.4769345901080312	380.24011284110117	0.9823718127269798
CPGNR3	-0.08729110090385435	54.27453650602163	0.9823718127269798
CPGNUtex	0.7513301879992674	593.974154075766	0.9823718127269798
CPGNUtpp	0.6832264691291705	542.9517523699067	0.9823718127269798
CPGNabcpp	0.8456795658400456	669.8563909929734	0.9823718127269798
CPGNexs	0.3096351112122715	246.57379447111	0.9823718127269798
CPGNtonex	1.350092293789242	1093.9909149080095	0.9823718127269798
CPH4S	1.4997327762623869	1176.7900929414873	0.9823718127269798
CPMPS	0.51802700641096	410.0363416150652	0.0
CPPPGO	0.7546325362145913	599.6970778389734	0.9823300178921044
CPPPGO2	0.6154140259652023	489.6811146128514	0.9823718127269805
CRNBTCT	0.11305100116417799	114.85905437449547	0.9823718127269805
CRNCAL2	0.5316216394716431	427.20904691049	0.9823718127269805
CRNCAR	1.372367635574048	1083.6178739969464	0.9823718127269805
CRNCBCT	-0.0698353899511237	65.32950823673853	0.9823718127269805
CRNCDH	0.647925457403528	518.4129749110165	0.9823718127269805
CRNDCAL2	0.36724885046323175	306.20320918869544	0.9823718127269805
CRNDabcpp	0.16964992632567333	142.18806470584005	0.9823718127269805
CRNDt2rpp	-0.06739350060739197	44.20534809621482	0.9823718127269805
CRNDtex	0.7848415807575978	624.5765156996935	0.9823718127269805
CRNabcpp	0.8505483031682171	671.1669385727196	0.9823718127269805
CRNt2rpp	1.2024234951728163	965.2728084081998	0.9823718127269805
CRNt7pp	0.7594827270286351	607.5924220076535	0.9823718127269805
CRNt8pp	0.777577780666031	620.4677397841103	0.9823718127269805
CRNtex	0.45638285243337984	376.7705064916128	0.9823718127269805
CS	0.7773805469642844	615.868477697417	4.0173087096289783e-16
CSND	0.53359617024523	426.8130570238805	0.9823718127269787
CSNt2pp	0.3887200464369226	324.9612427216426	0.9823718127269787
CSNtex	0.5676402537620218	451.7796353355652	0.9823718127269787
CTBTCAL2	0.14040923475273986	117.57460034129646	0.9823718127269787
CTBTabcpp	0.17832593093814247	174.68184387788767	0.9823718127269787
CTBTt2rpp	1.4017720428702394	1105.100702565946	0.9823718127269787
CTECOAI6	1.3099661767259325	1048.5907209389152	0.9823718127269787
CTECOAI7	0.31857490304774827	250.83458616232926	0.9816062539943469
CTECOAI8	1.2535248347713936	992.3506610158536	0.9823718127269787
CTPS2	-0.3139405508863827	156.64755966512104	0.0
CU1Opp	0.6976892058361763	555.1644556999638	0.9823718127269804
CU1abcpp	0.6722900456087745	534.7834900427289	0.9823718127269804
CU2abcpp	1.6586212471492765	1308.4629498252184	0.9823718127269804
CU2tex	0.5065199702441643	402.14503229955096	0.0
CU2tpp	0.32834447096065367	259.8871502547825	0.0
CUt3	0.43133645575579466	336.7072156210081	0.9823718127269823
CUtex	0.47036349217195894	391.97877124006374	0.9823718127269823
CYANST	0.7663664012137005	614.7607690630085	0.9823718127269823
CYANSTpp	0.25452121952539886	211.0570417119759	0.9823718127269823
CYANtex	0.8545489983967353	675.9747950799045	0.9823718127269823
CYNTAH	1.1023334603036712	879.8611114811849	0.9823718127269823
CYNTt2pp	-0.07110569739410927	42.44389375697333	0.9823718127269823
CYNTtex	0.3884917361047332	321.4347180664082	0.9823718127269823
CYSDDS	1.1928868692613306	942.5888460752785	0.9823718127269823
CYSDS	0.64642804750319	513.1278544134146	0.9823718127269823
CYSDabcpp	1.0050077637154047	782.966776102952	0.9823718127269823
CYSDtex	0.43897185990644094	348.3253043059123	0.9823718127269823
CYSS	0.3416469434197341	262.2302639188604	6.2275714001561125e-15
CYSSADS	1.2522398041862823	987.7368741468366	0.9823718127269827
CYSTL	0.9268522222071435	731.3928076193488	-3.808598746313985e-16
CYSTRS	0.002337792317254936	8.535532245461068	0.9823718127269786
CYSabc2pp	0.7974932802616321	636.4404797195026	0.9823718127269786
CYSabcpp	0.7112378697902543	562.0047453007608	0.9823718127269786
CYStex	-0.04328063667914121	25.948456564898503	0.9823718127269786
CYStpp	0.3479660250157375	275.1526995277382	0.9823718127269786
CYTBD2pp	0.5001995530411119	397.4652894879396	0.9823718127269786
CYTBDpp	0.65974017884856	523.0012190279948	0.9823718127269786
CYTBO3_4pp	0.3706975483516954	293.3446255029739	0.8935716128482392
CYTD	0.5697459078481855	447.962641274755	0.9823718127269772
CYTDH	0.29877021580264534	236.22882734514496	0.9823718127269772
CYTDK2	0.4531477257691319	365.7858666365524	0.9823718127269772
CYTDt2pp	0.2790885158494931	242.04239171654203	0.9823718127269772
CYTDt2rpp	0.5251088350983594	423.13410023484846	0.9823718127269772
CYTDtex	0.6859328155045101	556.4971944210516	0.9823718127269772
CYTK1	0.853881029037578	674.6395302629097	0.980165466187266
CYTK2	0.1704719616953488	148.05290027223077	0.9823718127269772
D__LACt2pp	1.1321375408558143	914.134620020636	0.9823718127269772
D__LACtex	0.81237374754116	646.8013864989648	0.9823718127269772
DAAD	0.8607019614629067	680.669757552237	0.9823718127269772
DADA	0.49998331248680106	399.57505529232174	0.9823718127269772
DADK	1.5188175805848534	1204.3165804572568	0.9823718127269772
DADNt2pp	0.1692266756245657	152.39288279102826	0.9823718127269772
DADNtex	0.38765633661022164	308.0670942092061	0.9823718127269772
DAGK120	0.5178236025763784	412.7212609467594	0.9823718127269772
DAGK140	1.0264711239103932	826.5047258288283	0.9823718127269772
DAGK141	0.2083295658513035	163.86645610138268	0.9823718127269772
DAGK160	0.9188743377023784	726.7535366201864	0.9823718127269772
DAGK161	0.23441595280566946	184.81514073519372	0.9823718127269772
DAGK180	0.9089797979795415	725.4920723909063	0.9823718127269772
DAGK181	0.5173110871416453	412.97667200292227	0.9823718127269772
DALAt2pp	1.1194595855122855	891.7711284754014	0.9817353444718274
DALAtex	-0.034757438427251985	35.10256431853092	0.9823718127269772
DAMPtex	1.1874944945507873	958.2943223306831	0.9823718127269772
DAPAL	0.5027156463897153	410.79501595247217	0.9823718127269772
DAPDC	0.9405545886339346	742.278721620084	0.0
DAPE	0.4940840358753964	399.9468308737233	0.0
DAPabcpp	0.3154297323998635	258.9781579118626	0.9823718127269794
DAPtex	1.2648784698307252	994.5668721338368	0.9823718127269794
DASYN120	0.7177725696556029	571.8560559941149	0.9823718127269794
DASYN140	1.0137701573586546	797.7710825688297	0.9823718127269794
DASYN141	0.7041482777796912	559.7669017901807	0.9823718127269794
DASYN160	0.7477697201676039	593.7908287788732	0.0
DASYN161	0.6111162788158899	506.6985586127525	9.657717463313936e-32
DASYN180	0.8305430412661134	672.3235147706638	0.98237181272698
DASYN181	0.5099087982966756	415.48389261403895	0.98237181272698
DATPHs	-0.0996816389622946	66.69413867419894	0.98237181272698
DB4PS	0.34542030619466935	277.0308188363365	0.0
DBTS	0.6103981236958708	485.276319048948	0.0
DC6PH	0.7283903940984318	578.4286489268161	0.9823718127269753
DCAtex	0.7591830685994279	605.1461531605999	0.9823718127269753
DCMPtex	0.750943149770691	614.4159731434644	0.9823718127269753
DCTPD	0.515329631922452	417.0753660589805	0.9823718127269753
DCYTD	0.7610158796299187	604.9819062805664	0.9823718127269753
DCYTt2pp	0.503302808770781	402.68764327284174	0.9823718127269753
DCYTtex	0.6541054186868283	527.7791555667116	0.9823718127269753
DDCAtexi	0.5222939238486131	412.42815869081926	0.9823718127269753
DDGALK	0.7239311599430153	576.7501307635835	0.9823718127269753
DDGLCNt2rpp	0.3550053154404581	290.3866176247928	0.9823718127269753
DDGLCNtex	1.0352815081927542	823.3944833918697	0.9823718127269753
DDGLK	0.9047858592433113	729.2156856645349	0.9823718127269753
DDPA	0.6812535394631231	550.2714775509535	0.0
DDPGALA	0.21772700237674963	176.29602925269518	0.9823718127269778
DGK1	0.6646238600168046	525.8777460879634	0.9823718127269778
DGMPtex	1.3150152857298343	1041.6329718124086	0.9823718127269778
DGSNt2pp	0.4627038476892321	372.9139179077005	0.9823718127269778
DGSNtex	0.34723012917459717	274.20595380491994	0.9823718127269778
DHACOAH	0.41267316750481	331.45989673089286	0.9823718127269778
DHAD1	0.9450662663713116	763.1303260388406	-1.1560476847775433e-15
DHAD2	0.41316291246178777	346.53793218761297	0.0
DHAPT	0.22477027527724291	195.76709456904322	0.9823718127269828
DHAtex	0.3152868682577551	252.4798277509692	0.9823718127269828
DHAtpp	1.4263912599623463	1162.3156523290568	0.9823718127269828
DHBD	0.9445878651227853	762.7523547684028	0.9823718127269828
DHBS	0.6731555230143599	535.9853541010887	0.9823718127269828
DHBSH	0.7793071483144522	625.6906903563882	0.9823718127269828
DHCIND	0.8485643152490938	669.6518810531455	0.9823718127269828
DHCINDO	0.6033857822470516	478.153692595468	0.9823718127269828
DHDPRy	0.47557138614738437	382.6953226190555	0.0
DHDPS	0.5755172614630033	484.8380353384761	0.0
DHFR	0.3463836576239227	285.95745795586134	2.020127021586562e-18
DHFS	0.8850004852843657	695.054764632302	8.10315525026632e-17
DHMPTR	1.039707113752674	832.8346488122405	0.9823718127269845
DHNAOT4	0.8953263364590132	712.0592119080088	0.9823718127269845
DHNCOAS	1.0469127762421677	828.4347404005159	0.9823718127269845
DHNCOAT	1.0764997816772282	846.3886410803739	0.9823718127269845
DHNPA2r	0.2520045651825106	204.47516216463217	-8.103155250266325e-17
DHNPTE	0.4535716536593819	369.69280662052705	0.9823718127269839
DHORD2	0.5821028192572724	465.0276218862862	0.9823718127269839
DHORD5	0.15094831828122726	117.90803490227697	0.9823718127269839
DHORDfum	0.9920134039296699	787.5435982240908	0.9823718127269839
DHORTS	1.5880185674856993	1249.2066213135977	0.0
DHPPD	0.628865778048219	514.851434266084	0.9823718127269829
NTD12	-0.31120681783666787	244.2159959557033	0.9823718127269792
NTD12pp	-0.5057819818564152	398.6548084850098	0.9823718127269792
NTD1pp	-0.15653572129155086	127.31281597479142	0.9823718127269792
NTD2	-1.0042629645180785	787.8823669782588	0.9823718127269792
NTD2pp	-1.0774426264964683	846.4252817502249	0.9823718127269792
NTD3	0.11368269798261334	94.0037826637472	0.9823718127269792
NTD3pp	-0.7399878761519505	575.5013627306668	0.9823718127269792
NTD4	-0.7347755580638822	570.3404476029505	0.9823718127269792
NTD4pp	-1.2166898192494442	954.2043771124153	0.9823718127269792
NTD5	-0.5658330290068975	433.9133623559752	0.9823718127269792
NTD5pp	-0.9545189269865224	744.8895011964339	0.9823718127269792
NTD6	-0.5498093756674142	420.57246537712007	0.9823718127269792
NTD6pp	-0.32757506816052395	253.6538309990484	0.9823718127269792
NTD7	-0.2598326925520255	204.54215375418917	0.9823718127269792
NTD7pp	-1.3351796475048356	1001.5887194460822	0.9823718127269792
NTD8	-0.3229702322500581	246.8612621476311	0.9823718127269792
NTD8pp	0.1058515347133952	83.02973305626602	0.9823718127269792
NTD9	-0.20257008249593064	159.4049248212724	0.9823718127269792
NTD9pp	-0.3259287606820725	252.94636789835636	0.9823718127269792
NTP1	-0.9563168966646849	747.9229662265009	0.9823718127269792
NTP10	0.17304017442983446	136.76979954746406	0.9823718127269792
NTP11	0.19255583083018774	151.60074538883046	0.9823718127269792
NTP12	-0.4838767072932953	374.6936795320149	0.9823718127269792
NTP3	-1.3835717233160185	1097.5713290977667	0.9823718127269792
NTP3pp	-0.5524014495206685	428.07563213576225	0.9823718127269792
NTP5	0.3510803344017571	300.09926970502073	0.9823718127269792
NTPP1	-1.0374612383695379	820.6640815354452	0.9823718127269792
NTPP10	0.021119278074426207	20.766512352790166	0.9823718127269792
NTPP11	-0.40277864911004907	307.04087225064785	0.9823718127269792
NTPP2	-0.39962483647180147	312.65773598020866	0.9823718127269792
NTPP3	-0.6840433671909906	511.7589535133816	0.9823718127269792
NTPP4	-0.3139240386952596	225.85930277176266	0.9823718127269792
NTPP5	-0.8307889454516761	643.636178615902	0.9823718127269792
NTPP6	-0.060123024693468516	54.679797705900924	0.9823718127269792
NTPP7	-0.037202634024963106	30.853954852894983	0.9823718127269792
NTPP8	-0.8700552417708604	680.7079638115456	0.9823718127269792
NTPP9	-0.6334697758576646	496.3179745806996	0.9823718127269792
NTPTP1	-0.3264784489945514	250.68799240623235	0.9823718127269792
NTPTP2	-0.5520514217543304	438.7798894973518	0.9823718127269792
NTRIR2x	0.27299998190339525	227.576259268785	0.9823718127269792
NTRIR3pp	-0.29375148603639595	230.51542937734106	0.9823718127269792
NTRIR4pp	-0.5944473661949008	465.87107425356766	0.9823718127269792
O16A4COLIPAabctex	-0.39317221611974373	309.25674958930153	0.9823718127269792
O16A4Lpp	-0.884852614766702	692.5432717213259	0.9823718127269792
O16AP1pp	-0.30159684371456674	238.63824083440863	0.9823718127269792
O16AP2pp	-0.2624544036616219	200.34637623807183	0.9823718127269792
O16AP3pp	-0.36425282125754754	266.9487315383167	0.9823718127269792
O16AT	-1.3997415192819616	1067.0170256090735	0.9823718127269792
O16AUNDtpp	0.1744231942413585	136.20112621206184	0.9823718127269792
O16GALFT	-0.8315564468644016	655.6738921943622	0.9823718127269792
O16GLCT1	-0.36118073552944796	284.69374539210736	0.9823718127269792
O16GLCT2	-0.5647558857299508	427.4393221130317	0.9823718127269792
O2Stex	-1.0185232066770586	805.2283249721899	0.9823718127269792
O2tex	0.8585676588444272	719.4806316449957	0.24150155709717797
O2tpp	-0.560002018088783	415.3993027761458	0.24150155709717797
OAADC	-0.38463772130276386	300.034153901268	0.9823718127269808
OBTFL	-0.5147788057161676	402.17561866270074	0.9823718127269808
OCBT	-0.7057857608139401	551.1794153263767	0.0
OCDCAtexi	-0.4073889338931341	304.6145774350636	0.9823718127269823
OCDCEAtexi	-0.4892703618867393	382.01344036518617	0.9823718127269823
OCTAtex	-0.3775448230713815	299.86181802651095	0.9823718127269823
OCTDPS	-0.7714229365975224	606.2512561487279	-2.652525268867651e-16
OCTNLL	-0.7284757300179493	572.8055376376559	0.982371812728592
OGMEACPD	-0.3898496007888337	303.4249509064852	0.0
OGMEACPR	-0.27581600782058413	218.80734974127031	0.0
OGMEACPS	-0.5390637641723081	415.35281882404036	0.0
OHPBAT	-1.3670042885712033	997.9028842909332	0.0
OHPHM	-0.4910754084736514	386.96492130447524	0.9823718127269787
OMBZLM	0.009448018895102103	24.054372377616446	0.9823718127269787
OMCDC	0.09993051868743871	82.4678779232736	0.0
OMMBLHX	-1.010967118905577	798.5291480832417	0.982371812726979
OMMBLHX3	-0.35788421852651564	282.46896340488485	0.982371812726979
OMPDC	-1.3155245184237314	1020.6427982258916	0.0
OMPHHX	-0.3871117240638559	303.6271194623513	0.9823718127269788
OMPHHX3	-0.08073823800426236	63.274348093171994	0.9823718127269788
OP4ENH	-0.900901212010826	683.9882927075952	0.9823718127269788
OPHBDC	-0.6933451429418691	548.7094770260405	0.0
OPHHX	-0.39758765799483736	308.1808877954515	0.982371585571519
OPHHX3	-0.9240945040439197	725.2347496370403	0.9823718127269723
OPMEACPD	-0.8293186611665575	640.4953034341834	0.0
OPMEACPR	-0.9688572486403935	767.6695115958696	0.0
OPMEACPS	-0.7479279556601199	588.2804770633079	0.0
ORNDC	0.13500483839981545	103.07114281764989	0.9823718127269802
ORNabcpp	-0.6410043539778116	492.59748298794756	0.9823718127269802
ORNtex	-0.5690858348720157	450.6003300131907	0.9823718127269802
OROTt2_2pp	0.15419330499206005	127.77358777672544	0.9823718127269802
OROTtex	-0.5212989619407047	408.04861649809845	0.9823718127269802
ORPT	-0.9020653928618986	710.4919175306208	0.0
OXAMTC	-0.43454066349607473	323.99609755679546	0.9823718127269787
OXCDC	-0.18338459076925287	129.53752386867345	0.9823718127269787
OXCOAHDH	0.09910536320924068	80.9884151420015	0.9823718127269787
OXDHCOAT	-0.5802327854143168	458.9087021926799	0.9823718127269787
P5CD	-0.13317449685244942	100.39220270385765	0.9823718127269787
P5CR	-0.11850730730958126	93.056856757604	3.085516174376008e-16
PA120abcpp	-0.8923989580311494	689.5920870346961	0.9823718127269788
PA140abcpp	-1.1897404924722348	904.7778829076419	0.9823718127269788
PA141abcpp	-0.8387080501851544	648.1713383714895	0.9823718127269788
PA160abcpp	-0.44636176344488104	339.8857551388954	0.9823718127269788
PA161abcpp	-0.8804228566368082	684.8429033827468	0.9823718127269788
PA180abcpp	-0.38587668265062874	295.2762213532378	0.9823718127269788
PA181abcpp	-0.6418260179611923	502.9827871106904	0.9823718127269788
PACALDt2rpp	-0.05230271645807197	41.8113024949744	0.9823718127269788
PACALDtex	-0.1889481982899059	146.58213891298996	0.9823718127269788
PACCOAE	-0.9690903722253317	769.6466131330601	0.9823718127269788
PACCOAL	-0.20291869600337417	156.56442482909966	0.9823718127269788
PANTS	-0.7279803986997867	567.5344968937629	0.0
PAPA120	-0.7261303670000158	561.6269191492781	0.9823718127269785
PAPA120pp	-0.7294969772940244	565.6484633661876	0.9823718127269785
PAPA140	-0.26572967029531813	209.46223021876102	0.9823718127269785
PAPA140pp	-0.6409500250216094	507.3916999284872	0.9823718127269785
PAPA141	0.37074424877747314	310.02672062503007	0.9823718127269785
PAPA141pp	-0.5727821607589164	451.0588253737325	0.9823718127269785
PAPA160	-0.6958962345617946	545.9371770195314	0.9823718127269785
PAPA160pp	-0.534811457291065	414.1687193255699	0.9823718127269785
PAPA161	-1.0396876715730021	820.8106706023029	0.9823718127269785
PAPA161pp	-0.5992333673666658	473.2706474728795	0.9823718127269785
PAPA180	-0.7959656535402383	628.4113725147472	0.9823718127269785
PAPA180pp	-0.195939652296536	151.44395632068856	0.9823718127269785
PAPA181	0.11153966350491527	96.66033623146842	0.9823718127269785
PAPA181pp	0.2296760648868236	221.00077278018423	0.9823718127269785
PAPPT3	-0.6202437584660724	492.3372177156206	0.0
PAPSR	-0.3011377159889382	232.89735262657922	0.9823718127269767
PAPSR2	-0.5853131698475951	460.8777196727033	0.9823718127269767
PDE1	0.05018400222997737	44.53357484952627	0.9823718127269767
PDE4	-1.0051242646506306	792.7719097816887	0.9823718127269767
PDH	-0.504054566195983	396.9007153295489	0.9652674865422929
PDX5PO2	-0.9550774359713488	715.4979185943895	0.9823718127269765
PDX5POi	-0.23601564145012077	183.46209040717378	0.9823718127269765
PDX5PS	0.07215001136275939	58.775819162171395	3.4374874037668305e-16
PDXPP	-0.24784070290322782	192.17585293557727	0.9823718127304933
PE120abcpp	-0.9778554121039067	770.0619154982381	0.9823718127304933
PE140abcpp	0.3000730847118553	236.20335332868578	0.9823718127304933
PE141abcpp	-0.9782693069191329	758.727712475842	0.9823718127304933
PE160abcpp	-0.40902442283521245	321.2944194628556	4.7194627279219275e-18
PE161abcpp	0.2876466664384849	224.3707680387619	-3.772552452767406e-32
PE180abcpp	-0.536031408751368	417.69739025240557	0.982371812726984
PE181abcpp	-0.23971009594095333	173.8139924958364	0.982371812726984
PEAMNOpp	-0.2619614734013927	201.60291683777132	0.982371812726984
PEAMNtex	-0.5676690458369836	448.63575103770046	0.982371812726984
PERD	-0.7650484006810941	607.008418499593	-6.093485967882884e-17
PETNT161pp	-0.37447464257920055	291.7401140014749	0.9823718127269837
PETNT181pp	-0.06009889032138347	44.946843998863436	0.9823718127269837
PFK	-0.7635737617562118	592.5047133300665	0.9823718127269837
PFK_2	0.31997439130626393	250.74694752938018	0.9823718127269837
PFK_3	-0.2348780860641897	160.07406323845717	0.982371812726983
PFL	-0.0456906389690087	25.543608885302135	0.982371812726983
PG120abcpp	-0.5768278701553564	456.4126364437141	0.982371812726983
PG140abcpp	-0.24930650974092922	189.04929560453206	0.982371812726983
PG141abcpp	-0.7549043702863472	580.3006180444661	0.982371812726983
PG160abcpp	-1.2111146336950624	930.5447786105468	0.982371812726983
PG161abcpp	0.1655448435288451	164.0257705150001	0.982371812726983
PG180abcpp	0.06634925529669115	49.76770451114621	0.982371812726983
PG181abcpp	-0.30323962356839296	235.32687627661866	0.982371812726983
PGAMT	-0.4542651296079573	352.6748642267147	5.359087145151343e-17
PGCD	-1.2456208692479416	989.125364873837	0.9606659976734273
PGI	-0.9923720565155439	769.2612374115871	0.9761293262947222
PGK	-0.08162885402336344	64.34831796609048	0.8560604810974028
PGL	-0.16994324822864623	122.46550810832052	0.9755115436722505
PGLYCP	0.046464583306333726	55.676244092128734	0.9823718127269745
PGM	-0.8424462491469571	661.6965961000442	0.9049381797280677
PGMT	-0.8449730063590986	662.7973273588678	0.9823718127269577
PGP120abcpp	-0.7079190681582218	544.4229886949093	0.9823718127269577
PGP140abcpp	-0.37704874141139827	291.9483878529348	0.9823718127269577
PGP141abcpp	-1.2690610119186514	997.9768735233641	0.9823718127269577
PGP160abcpp	-0.3745864087272806	292.6435348217021	0.9823718127269577
PGP161abcpp	0.2939574115049669	231.6041346899301	0.9823718127269577
PGP180abcpp	-0.8754063420421149	687.0252589295897	0.9823718127269577
PGP181abcpp	-0.3158630082044189	245.27665536134464	0.9823718127269577
PGPP120	-0.5157485181086752	404.0707275517135	0.9823718127269577
PGPP120pp	-0.9202763698935434	720.0570135463546	0.9823718127269577
PGPP140	-0.3564341585398787	270.05382710443195	0.9823718127269577
PGPP140pp	-0.8785674425466382	689.7025122396325	0.9823718127269577
PGPP141	-0.2136141077619226	158.32528444806172	0.9823718127269577
PGPP141pp	-0.22623561405233902	174.28414658711392	0.9823718127269577
PGPP160	-0.19884991457151177	155.96899102768535	0.9823718127269577
PGPP160pp	-0.1670698211148944	126.58270228665481	0.9823718127269577
PGPP161	-0.34847082735033696	274.0341036477823	0.9823718127269577
PGPP161pp	0.061293466823249376	47.48113998028129	0.9823718127269577
PGPP180	-0.41961657168531985	335.11628039119796	0.9823718127269577
PGPP180pp	-0.38162484313807965	304.23093630534675	0.9823718127269577
PGPP181	0.46198829312815365	377.6399886188114	0.9823718127269577
PGPP181pp	-0.543042646366009	426.8678711704276	0.9823718127269577
PGSA120	0.06942849161818813	58.75961021500956	0.9823718127269577
PGSA140	-0.4061513680222817	314.6320267075863	0.9823718127269577
PGSA141	-0.8633106751990169	684.6609839854167	0.9823718127269577
PGSA160	-0.566407301932821	447.8410518672937	0.9823718127269577
PGSA161	-0.7441110366874931	561.0127278438435	0.9823718127269577
PGSA180	-0.0880307797406928	65.53856711385669	0.9823718127269577
PGSA181	-0.36504509175485095	285.3107398695489	0.9823718127269577
PHEMEabcpp	0.005608777897440805	13.060266368101415	0.9823718127269577
PHEMEtiex	-0.44495396701069206	337.9392936617724	0.9823718127269577
PHETA1	0.37205442033821395	300.9012563463268	0.0
PHETRS	-0.8296221103759758	647.2730284978668	0.9823718127269571
PHEt2rpp	-1.1410224738957984	887.8744826641272	0.9823718127269571
PHEtex	0.11322247800929584	120.22733701998143	0.9823718127269571
PHYTSpp	-1.0089693550820524	795.6185042192166	0.9823718127269571
PIt2rpp	-0.6866033853935071	541.5616190340428	0.9794328124225669
PItex	-0.1368087035182678	109.19914526117347	1.3467107806224592e-14
PIuabcpp	0.08197316171000804	65.9582598617873	0.9823718127270649
PLIPA1A120pp	0.06471938105756694	70.69422660350612	0.9823718127270649
PLIPA1A140pp	0.3448652444891438	268.7596338335929	0.9823718127270649
PLIPA1A141pp	0.09014130846010404	70.79816058668703	0.9823718127270649
PLIPA1A160pp	-0.1610840288667213	125.7131344006238	0.9823718127270649
PLIPA1A161pp	-0.6222837981282852	471.1865908766332	0.9823718127270649
PLIPA1A180pp	-0.18288101947979626	146.48657742921142	0.9823718127270649
PLIPA1A181pp	-0.9236308734720232	730.580336083617	0.9823718127270649
PLIPA1E120pp	-0.12506600989134167	95.94499432662481	0.9823718127270649
PLIPA1E140pp	0.44910411970458086	347.2862358906092	0.9823718127270649
PLIPA1E141pp	-0.7988920095693286	624.946411431287	0.9823718127270649
PLIPA1E160pp	-0.8635727349691851	679.6734193254077	0.9823718127270649
PLIPA1E161pp	-0.3484659217655421	264.72832287963865	0.9823718127270649
PLIPA1E180pp	-0.4948203777595227	375.4699019800193	0.9823718127270649
PLIPA1E181pp	-0.8646994202293415	675.8011675265521	0.9823718127270649
PLIPA1G120pp	-0.5998920212319412	469.9767302449569	0.9823718127270649
PLIPA1G140pp	-0.5435964465889701	427.444410845831	0.9823718127270649
PLIPA1G141pp	0.4277849707791153	352.03661247565987	0.9823718127270649
PLIPA1G160pp	-0.5283778769170824	416.16496882484086	0.9823718127270649
PLIPA1G161pp	-0.5458589600814787	431.55505877538013	0.9823718127270649
PLIPA1G180pp	-0.45108443022006706	356.6082472675844	0.9823718127270649
PLIPA1G181pp	-0.4822540891246165	368.73587812803345	0.9823718127270649
PLIPA2A120pp	-0.29399800361875317	229.61245411829742	0.9823718127270649
PLIPA2A140pp	-0.364277850857486	272.90271055172974	0.9823718127270649
PLIPA2A141pp	-0.9859187291072102	774.1650742258129	0.9823718127270649
PLIPA2A160pp	0.11137631511415987	84.82441817686367	0.9823718127270649
PLIPA2A161pp	-0.4753560072611576	373.78936473897886	0.9823718127270649
PLIPA2A180pp	-0.2692562853664875	207.9153216399328	0.9823718127270649
PLIPA2A181pp	-0.11666626896571133	70.4236527879858	0.9823718127270649
PLIPA2E120pp	-0.22384326192509363	160.98381191624347	0.9823718127270649
PLIPA2E140pp	-0.4369372276032575	341.31721587787416	0.9823718127270649
PLIPA2E141pp	-1.3444667719413714	1067.298199310198	0.9823718127270649
PLIPA2E160pp	-0.26519840908766745	204.46369087602312	0.9823718127270649
PLIPA2E161pp	-0.4652300950452681	363.81521481501795	0.9823718127270649
PLIPA2E180pp	-0.17696540405778322	136.75447044065618	0.9823718127270649
PLIPA2E181pp	-0.7928676583138736	645.2954577647482	0.9823718127270649
PLIPA2G120pp	-1.095791770920038	853.0284062264933	0.9823718127270649
PLIPA2G140pp	-0.15116212538721166	102.55397252898346	0.9823718127270649
PLIPA2G141pp	-1.007674609152741	785.6748854736227	0.9823718127270649
PLIPA2G160pp	-1.0017940283178297	788.2364719436173	0.9823718127270649
PLIPA2G161pp	-0.5371834431814375	421.43875284256336	0.9823718127270649
PLIPA2G180pp	-0.3953741427462343	311.51088102599863	0.9823718127270649
PLIPA2G181pp	-1.0892598381277765	833.3208268621867	0.9823718127270649
PMANM	0.11246652596428157	100.53185242758572	0.9823718127270649
PMDPHT	-0.3414976218616554	268.3609182904236	1.5056191150099585e-15
PMEACPE	-0.10149982846581306	63.95365452750419	5.878663392915339e-10
PMPK	-0.7655581075819542	600.9585428787294	-6.687496037820042e-16
PNTK	-0.5287973098512179	406.4780894478561	-7.488600415376662e-12
PNTOt4pp	-0.37271618288291364	285.3438389366169	0.982371812726978
PNTOtex	0.5070045310709139	448.9253880196038	0.982371812726978
POAACR	-1.0365784934926046	817.3614433403408	0.982371812726978
POR5	-0.3054265631292355	236.74393608397062	0.9822610436172106
POX	-0.32632658125119424	257.4756743814679	0.982371812726978
PPA	-0.6922863198898068	548.5437773819908	0.982371812726978
PPA2	-0.31203363036445403	238.97871785812913	0.982371812726978
PPAKr	-1.143629106302786	896.9745203632128	0.982371812726978
PPALtex	-0.6498492044129972	507.8354180005	0.982371812726978
PPALtpp	-0.52842534964215	401.6347409421106	0.982371812726978
PPAt4pp	0.5331085422649824	426.6295948553994	0.982371812726978
PPAtex	-0.5434013954090225	423.69685641467015	0.982371812726978
PPBNGS	-0.34707256896930927	267.38180934802676	1.6874228789700523e-16
PPC	-0.677842549836356	537.5493614704127	0.979366530408813
PPCDC	-0.7032782596871001	553.3283932507087	-8.343289617925093e-18
PPCK	-0.4383618667667746	343.2488981350826	0.9823718127269815
PPCSCT	-0.5498143868070213	430.83950014004074	0.9823718127269815
PPGPPDP	-0.8189146231983906	640.1680408158388	0.9823718127269815
PPK2r	-0.7877723140637182	615.5111306102393	0.9823718127269815
PPKr	-0.18086436061347544	141.0919162116807	0.9683007850328473
PPM	0.31077084462935745	251.9969697508932	0.9823718127269815
PPM2	-0.6654657130167381	530.1013799323085	0.9823718127269815
PPNCL2	-0.5676904724525687	447.70717349651255	-3.579010508844067e-16
PPND	-0.6270687612271121	496.50363562238215	-3.579010508844067e-16
PPNDH	-0.8350226203556986	652.2343082921655	2.013193411224788e-16
PPPGO	-0.35601201995945236	280.1008586142479	0.9823718127269815
PPPGO3	0.32442207202675344	258.82165572621625	0.9823690868684734
PPPNDO	-0.811033954816959	615.1204342693472	0.9823718127269815
PPPNt2rpp	0.17703867086435887	140.1459660289223	0.9823718127269815
PPPNtex	-0.5365536815767808	407.15284691664544	0.9823718127269815
PPS	-0.5059669638249173	396.4925365153365	0.9823718127269815
PPTHpp	-0.7193163978573796	564.393422243357	0.9823718127269815
PPTtex	-0.3281854141984539	251.70327553319282	0.9823718127269815
PRAGSr	-0.18623379406920104	148.4826137701692	2.1697751209867157e-14
PRAIS	-0.32392813342668125	255.4218421434459	2.1697751209867157e-14
PRAIi	-1.0571735628004055	831.9275927833929	-6.710644704082626e-17
PRAMPC	-0.10088173866578685	85.61892519461233	-2.013193411224788e-16
PRASCSi	-0.3149794560472225	243.845314486085	2.1697751209867157e-14
PRATPP	-0.2538976652934458	199.94456459369997	-2.013193411224788e-16
PRFGS	-0.7703563907695912	608.0806570169411	2.1697751209867157e-14
PRMICI	-0.22115824906720133	177.72644039023896	-2.013193411224788e-16
PROD2	-0.21886733519774518	167.12834574325188	0.9823718127269807
PROGLYabcpp	-0.9138317261584218	720.3433725870478	0.9823718127269807
PROGLYtex	-0.7023759622713972	553.1170740144108	0.9823718127269807
PROTRS	-0.9362992020674582	737.8417112806169	0.9823718127269807
PROabcpp	-1.071069283580688	821.4379311497124	0.9823718127269807
PROt2rpp	-0.364621603091361	281.54932438848266	0.9823718127269807
PROt4pp	-0.09710936577625678	76.05639816995635	0.9823718127269807
PROtex	-0.7151858580401194	561.7625478409229	0.9823718127269807
PRPPS	-0.2675252759489733	200.0719221717069	0.9823718127269804
PSCLYSt2pp	-0.705153426216904	554.1021442070489	0.9823718127269804
PSCLYStex	0.5554374206447236	439.34727090161124	0.9823718127269804
PSCVT	-0.500633969578759	396.17524356984006	-5.03298352806197e-16
PSD120	-0.21937404389478865	168.58119998007354	0.9823718127269773
PSD140	-0.5789946351146327	456.47858642925405	0.9823718127269773
PSD141	-0.09131106285076987	71.39899881184847	0.9823718127269773
PSD160	-0.8018924295825045	637.5212083661035	0.0
PSD161	-0.3118048414170657	245.8668208476133	0.0
PSD180	-0.2993810142013257	237.16341463880156	0.9823718127269798
PSD181	0.3727177987903834	291.91378670680893	0.9823718127269798
PSERT	-0.5244160175952723	385.38007296630565	0.9606659976734276
PSERtex	-1.0396381095351828	817.9065028088761	0.9823718127269799
PSP_L	-0.4539711142129865	350.10571041478073	0.9606659976734279
PSP_Lpp	-0.06025961493738871	43.443559568882456	0.98237181272698
PSSA120	-0.4920527425234268	357.9114963889132	0.98237181272698
PSSA140	-0.5208101897021234	412.0301501640254	0.98237181272698
PSSA141	0.029725140716257134	36.16201351252164	0.98237181272698
PSSA160	-0.29939378990421467	228.25254134438816	0.0
PSSA161	-0.10072559614910584	81.76073662453057	0.0
PSSA180	-0.24452581620285457	192.5346372181473	0.9823718127269812
PSSA181	-0.13391575319899102	107.22638315726891	0.9823718127269812
PTA2	-0.4716387719590633	367.0185475969067	0.9823718127269812
PTAr	0.12575117002210565	101.70770995029437	0.9823718127269812
PTHRpp	-0.5807677394860533	456.1713643974468	0.9823718127269812
PTPATi	0.07889487961128157	78.95500822555837	5.299439665533052e-12
PTRCORNt7pp	-1.3237711358477322	1039.1032771796042	0.9823718127269744
PTRCTA	-0.05851567128224732	50.666640062243275	0.9823718127269744
PTRCabcpp	-0.33978903580269476	267.3439116038039	0.9823718127269744
PTRCt2pp	-0.383931359979911	277.46070940277883	0.9823718127269744
PTRCtex	-0.22667765123711275	174.24909397013317	0.9823718127269744
PUNP1	-0.42784630427504533	320.50970846831694	0.9823718127269747
PUNP2	-0.49895095080664703	389.8743685372405	0.9823718127269747
PUNP3	0.04646117177220086	63.22034778524022	0.9823718127269747
PUNP4	-0.7102809767938761	545.706756215758	0.9823718127269747
PUNP5	-0.21481153129499467	172.73660558420679	0.9823718127269747
PUNP6	-0.48185040684215424	376.5624620777255	0.9823718127269747
PUNP7	-0.9976946451157782	782.0609463846563	0.9823718127269747
PYAM5PO	-0.6004846376360307	471.8408642119361	0.9823718127269747
PYDAMK	-0.9113848836094102	703.6088193643182	0.9823718127269747
PYDAMtex	-0.6950512862834277	543.8928488564546	0.9823718127269747
PYDAMtpp	-0.9061616756519538	714.7668239209238	0.9823718127269747
PYDXK	-0.800451870749177	616.7064976082918	0.9823718127269747
PYDXNK	-0.8471626992326597	651.6295088936695	0.9823718127269747
PYDXNtex	-0.6741701324791697	528.0477921644027	0.9823718127269747
PYDXNtpp	-0.10896965126471672	84.49737920296121	0.9823718127269747
PYDXPP	-0.4425665556203599	346.05301121592856	0.9823718127269747
PYDXtex	-0.05484306147185994	28.515040397610232	0.9823718127269747
PYDXtpp	-0.6134428527446617	482.179017717058	0.9823718127269747
PYK	-0.1438182070976382	98.19314359265165	0.9823718127269746
PYNP2r	0.35448871601859316	289.98600453548806	0.9823718127269746
PYROX	-0.2270041357783203	172.84025070234938	0.9823718127269746
PYRt2rpp	-1.0534287868125616	832.658955287799	0.9823718127269746
PYRtex	-0.5837275354153182	456.86305691926566	0.9823718127269746
QMO2	0.09274999981513303	80.18319244186252	0.9823718127269746
QMO3	-0.25718204820357576	201.58569006295934	0.9823718127269746
QUIN2tex	-0.7462296945375232	580.1269845969771	0.9823718127269746
QUIN2tpp	-0.5479227966978146	418.8753087534722	0.9823718127269746
QUINDH	-1.1554582158523143	905.7194501506084	0.9823718127269746
QULNS	-0.8348458929557331	647.6370759963709	-1.7444386379296216e-12
R15BPK	-1.0332332140873781	803.456576748201	0.9823718127269485
R1PK	-0.4564834840421535	357.75834734661265	0.9823718127269485
R5PP	-0.5315047080568164	412.3760282023695	0.9823718127269485
R5PPpp	-0.659908775648639	509.6038478553251	0.9823718127269485
R5Ptex	-0.9946812506822561	766.4106834143058	0.9823718127269485
RBFK	-0.998771935072748	754.7532430985932	-9.366520759616453e-16
RBFSa	0.3144620790773924	250.73561677496198	-8.84538158072416e-16
RBFSb	-0.9799302145930788	766.5602510544767	-8.84538158072416e-16
RBK	-0.4208604273166423	331.998123994778	0.9823718127269782
RBK_L1	0.3454193323848714	288.8389636702506	0.9823718127269782
RBP4E	-0.40762933601421203	317.86948293304033	0.9823718127269782
REPHACCOAI	-0.5417865290290435	424.2420096889758	0.9823718127269782
RFAMPtex	-0.20713089063727813	155.76743547443158	0.9823718127269782
RFAMPtpp	-0.09124912585578832	60.02553403621356	0.9823718127269782
RHAT1	-0.3684102065111474	289.227811093415	0.9823718127269782
RHCCE	0.003554719484254051	2.4777603202301477	0.0
RIBabcpp	-0.5056136416095143	398.53793745405767	0.9823718127269766
RIBtex	-0.5357511607686192	417.4201108214666	0.9823718127269766
RMI	-1.2550571420125667	996.1485021203806	0.9823718127269766
RMK	-0.5775051681322855	454.85550652922876	0.9823718127269766
RMNtex	-0.8870783283632552	698.4056996833739	0.9823718127269766
RMNtpp	-0.39252634823617	311.61723835087133	0.9823718127269766
RMPA	-0.9794085765484181	766.120223742993	0.9823718127269766
RNDR1	0.02649260642375826	17.761792979866645	0.9823718127269766
RNDR1b	-1.0303759985536605	813.5013258523436	0.9823718127269766
RNDR2	-0.6769836943466181	530.4360321987231	0.9823718127269766
RNDR2b	-0.7054142777560202	556.2215709494704	0.9823718127269766
RNDR3	-0.8946393134220663	707.2488825557125	0.9823718127269766
RNDR3b	0.26727994293684126	215.06941376731262	0.9823718127269766
RNDR4	-0.9625935946677889	747.7594829338047	0.9823718127269766
RNDR4b	-0.02651557787497051	20.81242805300953	0.9823718127269766
RNTR1c2	0.13297582618353118	112.2751217743117	0.9823451598583243
RNTR2c2	-1.13882538583377	894.0391816656896	0.982344293048119
RNTR3c2	-0.5497542062254429	431.6446199017979	0.982344293048119
RNTR4c2	-0.38793582640998253	306.4042638336085	0.9823451598583243
RPE	-0.4993357480160642	391.1911879882082	0.9774237108265186
RPI	-0.9909256716970362	774.7997633067478	0.33443824529626337
RZ5PP	-0.04054307270924789	32.096948468921234	0.98237181272698
S2FE2SR	0.4626413106928565	358.4552134510144	0.98237181272698
S2FE2SS	-0.4723842780262178	374.9163654127174	0.98237181272698
S2FE2SS2	-0.33024852503673136	264.33190265515924	0.98237181272698
S2FE2ST	-0.6214110163287999	486.5569995981526	0.98237181272698
S4FE4SR	-0.6558440155333094	520.3505956336068	0.98237181272698
S4FE4ST	-0.5351649768581305	411.1152536508425	0.98237181272698
S7PI	-0.03185568160553773	23.087216830560006	0.98237181272698
SADH	-0.739873915850831	580.4616671289492	0.98237181272698
SADT2	-1.0632836505727847	836.9274476154662	1.1907966084541148e-16
SARCOX	-0.5783067020893111	453.6342101189374	0.98237181272698
SBTPD	-0.3953226784343456	307.63283003143664	0.98237181272698
SBTptspp	-0.505280867057351	395.8967058568226	0.98237181272698
SBTtex	-0.8819118487489631	692.1153727652037	0.98237181272698
SCYSDS	-0.1634620513581505	120.10440867887931	0.98237181272698
SDPDS	-0.728018424155212	571.5557279477343	-2.262209778599698e-16
SDPTA	-0.8850943845032191	697.5894977985223	-2.262209778599698e-16
SELCYSS	0.5252226557625558	404.37194297235004	0.98237181272698
SELGTHR	-0.48251473652767435	376.02389876514553	0.98237181272698
SELGTHR2	-0.716881766135102	567.6029916835395	0.98237181272698
SELGTHR3	0.14958623229508022	115.52613314025253	0.98237181272698
SELNPS	-0.5585056296358847	435.67390298456706	0.98237181272698
SELR	-0.8970748451517905	695.5852937200888	0.98237181272698
SELtex	-0.7997691459965668	615.2560292452165	0.98237181272698
SELtpp	-0.4512006939475033	354.4058084535864	0.98237181272698
SEPHCHCS	-0.8910485356268615	695.8539217139836	0.98237181272698
SERASr	-0.6406836876289423	499.6610118754612	0.98237181272698
SERAT	-0.14274086303329653	109.31933964864949	-2.757634251156897e-16
SERD_D	-0.8244048269232054	650.2410030573151	0.98237181272698
SERD_L	0.5137085202846021	503.67620338924314	0.98237181272698
SERTRS	0.2156368777549903	169.12471663148867	0.98237181272698
SERTRS2	-0.41716069693171975	330.1162847250105	0.98237181272698
SERt2rpp	-0.7070978582312152	554.8529645426598	0.98237181272698
SERt4pp	0.06599602786928081	66.54257407644387	0.98237181272698
SERtex	-0.3672743004910139	287.7354291630669	0.98237181272698
SFGTHi	0.11203467774330479	89.11723286428332	0.98237181272698
SGDS	-0.4795471492526573	382.61739428389035	0.98237181272698
SGSAD	-0.449533197099857	350.7324425063196	0.98237181272698
SHCHCS3	-1.1974086046609138	945.1837557073387	0.98237181272698
SHCHD2	-0.8027507075793467	630.6848361698646	1.711577564698304e-16
SHCHF	-0.5243549733679806	410.88311591713904	1.711577564698304e-16
SHK3Dr	0.2412733838603168	188.61575957670084	-7.424660359812833e-17
SHKK	-0.2160154125558143	170.64281237925132	-7.424660359812833e-17
SHSL1	-0.5616544236260793	438.13700392957844	1.6426153476432034e-16
SKMt2pp	-1.0946373934596514	809.5768375118197	0.9823718127269769
SKMtex	-1.3423623718577373	1047.3209417826754	0.9823718127269769
SLNTtex	-0.3811432294972059	298.97548554717474	0.9823718127269769
SLNTtpp	-0.5690227860592034	439.3135438614348	0.9823718127269769
SO2tex	0.05278213197515328	40.41642960346681	0.9823718127269769
SO2tpp	-0.19577312881651526	141.6834708490846	0.9823718127269769
SO3tex	-0.7697767009212283	559.1770101958776	0.9823718127269769
SO4t2pp	-0.7974622624080371	624.3835215034167	0.9816016874721422
SO4tex	-1.0196517707651314	803.8103691761751	-3.5819639086497474e-15
SOTA	-0.3537270220787916	280.7856434488413	0.9823718127269769
SPMDAT1	-0.731339045105316	575.8648594016903	0.9823718127269769
SPMDAT2	-0.39151108764033293	309.25843626159985	0.9823718127269769
SPMDabcpp	-0.5823038845672448	456.34259472506517	0.9823718127269769
SPMDt3pp	-0.913400793056475	706.1093998712244	0.9823718127269769
SPMDtex	-0.2965207618585192	235.40036972243402	0.9823718127269769
SPMS	-0.7415956203257222	589.7916457975144	0.9823718127269769
SPODM	-0.16675688293674262	132.81867349043284	0.9823718127269769
SPODMpp	-0.6066429214710665	469.6884364198676	0.9823718127269769
SSALx	-0.15778921001755042	114.16575436638027	0.9823718127269769
SSALy	-0.3386268108863728	265.6371429698188	0.9823718127269769
SUCASPtpp	-0.6894469267989927	541.245226056275	0.9823718127269769
SUCBZL	-0.16447062645635446	131.9618943723693	0.9823718127269769
SUCBZS	-0.1942235731370979	154.02029374775736	0.9823718127269769
SUCCt2_2pp	-0.029257311995503976	18.683942784520255	0.9823718127269769
SUCCt2_3pp	-0.9689892174452488	744.3299527211947	0.9823718127269769
SUCCt3pp	-0.6921318066482637	540.7372479218717	0.9823718127269769
SUCCtex	-0.924059947811934	729.4573891247878	0.9823718127269769
SUCDi	0.35690765141110037	278.32841374624365	0.9566911236138214
SUCFUMtpp	-0.47358975537226894	370.2470083918799	0.9823718127269778
SUCMALtpp	0.5005810528582694	406.5240776498728	0.9823718127269778
SUCOAS	0.1601455162712266	127.64807215454209	0.9794797645370034
SUCRtex	-0.6244123715133206	491.07494966907683	0.982371812726978
SUCTARTtpp	-0.21249977662293737	153.67737094562762	0.982371812726978
SUCptspp	-0.5762963236696614	453.19762849701686	0.982371812726978
SULFACabcpp	0.07950414135839207	66.34677574393966	0.982371812726978
SULFACtex	-0.22186541921037392	164.5531858662684	0.982371812726978
SULRi	-0.7653735912905301	601.2760601821567	-3.6772017777010987e-16
SULabcpp	0.49555532886814424	420.3409330978295	0.9823718127269778
T2DECAI	-0.9392315132975687	738.6211301620815	0.9823718127269778
TAGURr	-0.47432489649681214	372.87215346117006	0.9823718127269778
TALA	-0.3105427238343907	243.54851023394644	0.9823718127269778
TARTD	-0.3527519348232742	270.712710320555	0.9823718127269778
TARTRDtex	-0.4600772814620519	356.5099208789493	0.9823718127269778
TARTRt7pp	0.02755693869430608	24.32894352907394	0.9823718127269778
TARTRtex	-1.077847783717275	847.9312592785695	0.9823718127269778
TARTt2_3pp	0.42279628002512826	342.7580352463996	0.9823718127269778
TAUDO	-0.7301237390916662	572.2997608605733	0.9823718127269778
TAURabcpp	-0.3872965409589003	301.50497928140936	0.9823718127269778
TAURtex	-0.3033376600143053	238.23891653009932	0.9823718127269778
TCYNTtex	-0.20951231197400028	152.77506688998847	0.9823718127269778
TDP	-0.7987225443666216	625.5674178823355	0.9823718127269778
TDPADGAT	-0.6918833065509273	533.4015914562219	0.9823718127269778
TDPAGTA	-0.4518883009692309	354.5507775293361	0.9823718127269778
TDPDRE	-0.6088778990200181	474.18734626921764	0.9823718127269778
TDPDRR	-0.6672139097070646	523.622130199682	0.9823718127269778
TDPGDH	0.07596302442199317	74.16964992881549	0.9823718127269778
TDSK	-0.6200925069698637	487.66742642821833	0.0
TDSR1	-0.4708327825140811	367.8853300577736	0.9823718127269767
TDSR2	-0.6383006472831936	496.9716303026705	0.9823718127269767
TGBPA	-0.4496063464962623	355.87533902265574	0.9823718127269767
THD2pp	0.2485029159317916	197.40774839458555	0.9823718127269767
THDPS	-0.8872411837283918	660.3225135719632	2.0316173725579175e-15
THFAT	-0.540090400188718	428.35446760173204	0.9823718127205758
THIORDXi	-0.17223223990797748	122.30093050534494	0.9823718127205758
THMDt2pp	0.5481411618742269	445.1640994662706	0.9823718127205758
THMDt2rpp	-0.6674975831348994	530.1180032672215	0.9823718127205758
THMDtex	-0.11098832754047488	79.0987591892694	0.9823718127205758
THMabcpp	0.06493800633473953	47.05670723481385	0.9823718127205758
THMtex	-0.39259571977089097	307.6361754151581	0.9823718127205758
THRA2i	-1.3092117085260664	1016.6979228040814	0.9823718127205758
THRAi	-0.46740252394326376	369.79555276768986	0.9823718127205758
THRD	-0.1125944520596806	88.03791894757703	0.9823718127205758
THRD_L	-0.46925591082543405	371.2815865902937	6.39945914882412e-17
THRPtex	0.003522165845892852	7.724128890805665	0.9823718127269805
THRS	-0.6876104050373633	540.5713462546787	-3.9678029221860336e-16
THRTRS	-0.5552517639068562	435.25544774763847	0.9823718127329119
THRabcpp	-0.3831519137204801	292.05060356904204	0.9823718127329119
THRt2pp	-0.46683146436642037	356.5465816975638	0.9823718127329119
THRt2rpp	-0.6643718527226732	508.8665888631773	0.9823718127329119
THRt4pp	-0.2810612083718997	213.303435823247	0.9823718127329119
THRtex	-1.0525318489529445	826.1901684300748	0.9823718127329119
THYMt3pp	-0.10418914791962634	80.59181025937673	0.9823718127329119
THYMtex	-0.802390109527155	619.994258703371	0.9823718127329119
THZPSN3	-0.5552624717434363	438.55169592218004	5.3405025646168166e-12
TKT1	-0.8669309943869895	682.622089046983	0.9764831298725944
TKT2	-0.7082537597476242	555.3533643394092	0.9783661055251057
TMAOR1	-0.08007504214293386	41.40575601224844	0.9823718127269907
TMAOR1pp	-0.08928132236011313	71.39471965920823	0.9823718127269907
TMAOR2	0.2153365946600307	178.50056436260516	0.9823718127269907
TMAOR2pp	-0.5499073620476943	421.87514320687796	0.9823718127269907
TMAOtex	-1.0706175359258971	840.3970326300662	0.9823718127269907
TMAtex	-0.6400806272441057	501.40295997555484	0.9823718127269907
TMDK1	-0.7588841810515621	597.6906463713565	0.9823718127269907
TMDPP	-1.1162587485407476	873.7623846666713	0.9823718127269907
TMDS	-0.3971053810313661	316.1825057538384	1.3290495665318648e-16
TMK	-0.045245892087215044	24.61938811940105	0.9823718127269911
TMPK	-0.4193212466235458	331.63857667844707	0.0
TMPPP	-1.4246901408229349	1013.7032769439224	0.0
TPI	0.25586150188777884	219.86318442658342	0.9470535202862203
TPRDCOAS	-0.551711297779091	425.29601850401156	0.9823718127234583
TRDR	-0.7068335445280602	557.9985518306721	0.9823718127234583
TRE6PH	-0.02030901372283655	23.860406551793087	0.9823718127234583
TRE6PP	-1.0635597034331536	829.1717608541145	0.9823718127234583
TRE6PS	-0.20364470304031773	159.06232225504243	0.9823718127234583
TREH	-0.5025513745091358	397.32980676777026	0.9823718127234583
TREHpp	-0.4011241688929932	312.4668877489921	0.9823718127234583
TREptspp	-0.3470207775208061	270.3121591391784	0.9823718127234583
TREtex	-0.421502327202195	331.0890151824367	0.9823718127234583
TRPAS2	0.04115743062555732	35.35013531158605	0.9820823867987374
TRPS1	-0.4608431026948627	361.05826043280285	0.9823718127234583
TRPS2	-0.404342797842361	319.3546781581259	0.9823718127234583
TRPS3	-0.12492252211094182	98.73087781722657	0.9820823867987383
TRPTRS	-0.7685220947360752	605.0335411524153	0.9823718127234583
TRPt2rpp	-0.809024745969724	628.1377922907709	0.9823718127234583
TRPtex	-0.47100464602775466	369.15074608869224	0.9823718127234583
TRSARr	-0.7942373053128241	626.4407159223096	0.9823718127234583
TSULabcpp	0.34919460684023224	287.5713109585701	0.9823718127234583
TSULtex	-0.2712370435122589	213.2872237660073	0.9823718127234583
TTDCAtexi	-0.13276617971465474	99.0700195539786	0.9823718127234583
TTDCEAtexi	-0.17736196147123565	122.08972975835313	0.9823718127234583
TTRCYCtex	-0.5481916547874199	429.18985968688406	0.9823718127234583
TTRCYCtpp	-0.8285736330442847	649.8832108424438	0.9823718127234583
TUNGSabcpp	0.215581276946292	176.48380233223216	0.9823718127234583
TUNGStex	-0.8758113928945395	691.7954794037977	0.9823718127234583
TYMtex	-0.5105455291952136	400.0411800468984	0.9823718127234583
TYRL	-0.8502005461788436	663.6458509662729	0.0
TYROXDApp	-1.2824236075564783	995.6467460423218	0.9823718127269776
TYRPpp	-0.9537176611711033	745.8044022242286	0.9823718127269776
TYRPtex	-1.1025290259249387	865.4623068768065	0.9823718127269776
TYRTA	0.03169572614792096	32.04318292513604	1.6402744061424631e-16
TYRTRS	-0.48084860252179235	377.71037985998197	0.9823718127269726
TYRt2rpp	-0.5537832770603889	438.2544681171731	0.9823718127269726
TYRtex	0.3776071275627144	309.98050010205213	0.9823718127269726
ThDPAT	-0.5389200616823412	424.38742575706584	0.9823718127269726
U23GAAT	-0.9847040255615902	747.2823918083785	-4.624191769785185e-14
UAAGDS	-0.9115158809314339	722.9576098075545	-1.136439001655105e-16
UACGALPpp	-1.0903231830366829	852.5384861479235	0.9823718127269785
UACGAMPpp	-0.49906695871101087	396.7521651237512	0.9823718127269785
UACGAMtex	0.2755124543492492	221.50367137605514	0.9823718127269785
UACMAMO	-0.04575428375077248	25.988438810041373	0.9823718127269785
UAG2E	-0.6035026144437857	474.4188174523868	0.9823718127269785
UAGAAT	-0.7077602867460695	558.9738196346036	0.0
UAGCVT	-0.9343335062273571	728.7392086265949	-2.6063302548593523e-15
UAGDP	-0.8454793157317492	646.3327561631596	-1.532992657734986e-15
UAGPT3	0.05915119087531916	40.32516524552423	-2.6063302548593523e-15
UAMAGS	-0.4326863988414376	342.76585202225203	4.435710250496008e-31
UAMAS	-0.5619839104065953	442.2006796303092	4.435710250496008e-31
UAPGR	-0.31241451416001914	249.30309551902386	-2.6063302548593527e-15
UDCPDP	0.36360965841545023	336.63953613926543	-2.6063302548593523e-15
UDCPDPS	-1.0427961769966578	821.7385751434207	0.0
UDCPDPpp	-0.6772574805034023	520.4888714127966	0.9823718127269769
UDCPPtppi	-0.10394353749287198	76.43359818258865	0.9823718127269769
UDPACGALtex	-1.017009319536528	797.7178438273432	0.9823718127269769
UDPG4E	0.14309995263002287	108.72644762464725	0.9823718127269769
UDPGALM	-1.2044007481008678	940.4018565808886	0.9823718127269769
UDPGALPpp	-0.09428253702029196	69.30697246322421	0.9823718127269769
UDPGALtex	-0.1933855092062253	148.44791865888917	0.9823718127269769
UDPGD	-0.47490948339375694	371.395978940492	0.9823718127269769
UDPGDC	0.21869023846902044	183.421499144802	0.9823718127269769
UDPGLCURtex	-0.7781623884393656	609.4198254421075	0.9823718127269769
UDPGPpp	-0.48063906140167373	379.0107912341876	0.9823718127269769
UDPGtex	-0.404813705561912	311.8043433362044	0.9823718127269769
UDPKAAT	-0.5632037043873601	436.8186211854992	0.9823718127269769
UGLCURPpp	-1.1532627215007045	910.7860379707838	0.9823718127269769
UGLT	-0.8909400607568272	698.1017052411507	0.9823718127269769
UGLYCH	-0.050737202837130846	43.53654770465137	0.9823718127269769
UGMDDS	-0.46270834072308953	363.56708085820696	-1.2765522995257813e-16
UHGADA	0.3609354357910163	280.94367235644177	0.0
ULA4NFT	-0.26852848125147494	209.31140186115667	0.982371812726977
ULA4Ntppi	-0.4475552875551481	349.5983534965846	0.982371812726977
UM3PL	0.12649884063405117	97.41577370317869	0.982371812726977
UM4PCP	-0.3793227478745344	297.9332007774246	0.982371812726977
UM4PL	-0.884742520519025	694.4942157847066	0.982371812726977
UMPK	-0.6139138172590555	489.22019735643414	-3.4945372206042186e-16
UMPtex	-0.9168842782645071	718.5863800184709	0.9823718127269775
UPLA4FNF	-0.7241500813156384	575.2320305285618	0.9823718127269775
UPLA4FNT	-0.0020246576366783936	5.92855741258376	0.9823718127269775
UPP3MT	-0.15035659242820146	105.96791257133694	2.219983596026862e-16
UPP3S	-0.14827706583633668	114.48372468299236	2.219983596026862e-16
UPPDC1	-0.41180852742998875	322.9066599467144	2.219983596026862e-16
UPPRT	-0.11812076368826313	97.0989453380817	0.9823718127301073
URACPAH	-0.2630238294131592	206.72451300640253	0.9823718127301073
URAt2pp	-0.8520793802516022	669.9074528194373	0.9823718127301073
URAt2rpp	-0.25790254617690506	196.81256346363088	0.9823718127301073
URAtex	-0.21436122340463595	165.3353285026663	0.9823718127301073
URDGLYCD	-1.2999998015611485	1003.0489332047885	0.9823718127301073
UREAtex	-0.7516484666907862	593.3944498236177	0.9823718127301073
UREAtpp	-0.33608302524438904	259.51169872654526	0.9823718127301073
URIC	-0.47382721763905994	372.35268120464565	0.9823718127301073
URIH	0.3566449772410782	275.2206561975958	0.9823718127301073
URIK2	-0.8027366532040354	621.7019983127524	0.9823718127301073
URIt2pp	-0.6916287199380832	542.0702813506846	0.9823718127301073
URIt2rpp	-0.5274080520794105	414.02506246628406	0.9823718127301073
URItex	-0.6546100806265268	498.78822164894217	0.9823718127301073
USHD	-0.35806308528358544	261.4635371399604	0.0
VALTA	-0.9679381593139819	735.7730512290228	0.9823718127269765
VALTRS	-0.4831859002215488	368.25460717215947	0.9823718127269765
VALabcpp	-0.6400563392447753	503.4059364482624	0.9823718127269765
VALt2rpp	-0.3732722646566811	283.12536909043627	0.9823718127269765
VALtex	-0.8295720535220009	653.046767485602	0.9823718127269765
VPAMTr	-0.19271587536070503	140.53127674009266	0.9823718127269765
WCOS	-0.5559462609838884	434.5445472791326	0.9823718127269765
X5PL3E	-0.6634200441590007	520.1630252893937	0.9823718127269765
XAND	-0.872225933977821	686.2381935453238	0.9823718127269765
XANt2pp	0.07643145841040606	57.86093654617549	0.9823718127269765
XANtex	-0.17639797171986776	136.94912165748957	0.9823718127269765
XANtpp	-0.7703536438033947	604.4619153674172	0.9823718127269765
XMPtex	-0.7026288018495269	554.9619827179104	0.9823718127269765
XPPT	-0.44438134194653883	347.4356741391959	0.9823718127269765
XTSNH	-0.2036127720545763	159.11648893807262	0.9823718127269765
XTSNt2rpp	-0.7296814818281018	565.7829577249588	0.9823718127269765
XTSNtex	-1.032352486690481	811.3731819448313	0.9823718127269765
XYLI1	-0.723253050146946	569.2320391901607	0.9823718127269765
XYLI2	0.47650947765537466	395.66738501550236	0.9823718127269765
XYLK	-0.6982626922954628	552.6703422986749	0.9823718127269765
XYLK2	-0.6007756487916068	474.71659352747844	0.9823718127269765
XYLUt2pp	0.17701281792388546	174.411725678775	0.9823718127269765
XYLUtex	-0.2278358620606239	173.7861124402397	0.9823718127269765
XYLabcpp	-0.6628454135417959	503.65200057624963	0.9823718127269765
XYLt2pp	0.4419517394489851	384.73705389362	0.9823718127269765
XYLtex	-0.8262262862533336	650.7537851716993	0.9823718127269765
ZN2abcpp	-0.12282184885736781	90.3365419307425	0.9823718127269765
ZN2t3pp	-0.6983367013512902	552.8349263631231	0.9823718127269765
ZN2tpp	-0.4613107865927771	363.3958180756875	0.9823704233114069
ZNabcpp	-0.3023461466549291	228.50555754337321	0.9823718127269765
Zn2tex	-0.11868896954580187	87.745938096684	0.0
